61 128
4
4
4
4
4
8
4
4
4
6
5
4
4
4
4
4
6
4
8
4
4
6
5
4
4
4
4
4
4
5
2
2
2
2
2
2
2
2
2
2
2
2
2
2
2
2
2
2
2
2
2
2
2
2
2
2
2
2
2
2
2
0 1
0 30
0 31
0 32
1 0
1 2
1 33
1 34
2 1
2 3
2 7
3 2
3 4
3 5
4 3
4 35
4 36
4 37
5 3
5 6
6 5
6 7
6 29
7 6
7 2
7 8
8 7
8 9
8 10
9 8
10 8
10 11
10 17
11 10
11 12
11 38
11 39
12 11
12 13
12 16
12 40
13 12
13 14
13 41
13 42
14 13
14 15
14 43
14 44
15 14
15 16
15 45
15 46
16 15
16 12
17 10
17 18
17 29
18 17
18 19
19 18
19 20
19 47
19 48
20 19
20 21
20 22
21 20
22 20
22 23
22 28
23 22
23 24
23 49
23 50
24 23
24 25
24 51
24 52
25 24
25 26
25 27
25 53
26 25
26 54
26 55
26 56
27 25
27 28
27 57
27 58
28 27
28 22
28 59
28 60
29 17
29 6
30 0
31 0
32 0
33 1
34 1
35 4
36 4
37 4
38 11
39 11
40 12
41 13
42 13
43 14
44 14
45 15
46 15
47 19
48 19
49 23
50 23
51 24
52 24
53 25
54 26
55 26
56 26
57 27
58 27
59 28
60 28
