67 136
4
4
5
4
4
4
4
4
4
4
4
4
4
4
4
4
4
4
6
4
4
5
4
8
6
6
4
4
4
11
4
8
4
2
2
2
2
2
2
2
2
2
2
2
2
2
2
2
2
2
2
2
2
2
2
2
2
2
2
2
2
2
2
2
2
2
2
0 1
0 33
0 34
0 35
1 0
1 2
1 36
1 37
2 1
2 3
2 12
2 38
3 2
3 4
3 39
3 40
4 3
4 5
4 41
5 4
5 6
5 42
6 5
6 7
7 6
7 8
8 7
8 9
8 10
8 11
9 8
9 43
9 44
9 45
10 8
10 46
10 47
10 48
11 8
11 49
11 50
11 51
12 2
12 13
12 52
12 53
13 12
13 14
13 32
14 13
14 15
14 54
15 14
15 16
15 55
16 15
16 17
16 56
17 16
17 18
17 32
18 17
18 19
19 18
19 20
19 57
19 58
20 19
20 21
20 59
20 60
21 20
21 22
21 23
22 21
22 61
22 62
22 63
23 21
23 24
23 25
23 26
24 23
25 23
26 23
26 27
26 31
27 26
27 28
27 64
28 27
28 29
28 30
29 28
30 28
30 31
30 65
31 30
31 26
32 17
32 13
32 66
33 0
34 0
35 0
36 1
37 1
38 2
39 3
40 3
41 4
42 5
43 9
44 9
45 9
46 10
47 10
48 10
49 11
50 11
51 11
52 12
53 12
54 14
55 15
56 16
57 19
58 19
59 20
60 20
61 22
62 22
63 22
64 27
65 30
66 32
