61 130
4
4
8
4
4
6
4
6
4
4
4
5
4
4
4
6
4
4
4
4
4
4
8
4
4
4
4
4
4
4
4
6
4
6
2
2
2
2
2
2
2
2
2
2
2
2
2
2
2
2
2
2
2
2
2
2
2
2
2
2
2
0 1
0 34
0 35
0 36
1 0
1 2
1 37
1 38
2 1
2 3
3 2
3 4
3 39
3 40
4 3
4 5
4 41
4 42
5 4
5 6
6 5
6 7
6 8
7 6
8 6
8 9
8 24
8 43
9 8
9 10
9 11
10 9
10 44
10 45
10 46
11 9
11 12
12 11
12 13
12 23
13 12
13 14
13 24
14 13
14 15
14 16
15 14
16 14
16 17
16 47
16 48
17 16
17 18
17 23
17 49
18 17
18 19
18 22
19 18
19 20
19 50
20 19
20 21
20 51
21 20
21 22
21 52
22 21
22 18
23 17
23 12
23 53
23 54
24 13
24 8
24 25
24 55
25 24
25 26
25 30
26 25
26 27
26 56
27 26
27 28
27 57
28 27
28 29
28 33
29 28
29 30
29 31
30 29
30 25
30 58
31 29
31 32
32 31
32 33
32 59
32 60
33 32
33 28
34 0
35 0
36 0
37 1
38 1
39 3
40 3
41 4
42 4
43 8
44 10
45 10
46 10
47 16
48 16
49 17
50 19
51 20
52 21
53 23
54 23
55 24
56 26
57 27
58 30
59 32
60 32
