75 152
5
4
5
5
4
4
4
4
6
5
4
4
4
4
4
6
5
4
4
6
6
4
4
5
4
6
4
5
4
6
4
4
4
4
4
5
5
4
4
2
2
2
2
2
2
2
2
2
2
2
2
2
2
2
2
2
2
2
2
2
2
2
2
2
2
2
2
2
2
2
2
2
2
2
2
0 1
0 39
0 40
1 0
1 2
1 3
2 1
2 41
2 42
3 1
3 4
3 43
4 3
4 5
4 44
4 45
5 4
5 6
5 46
5 47
6 5
6 7
6 48
6 49
7 6
7 8
7 9
8 7
9 7
9 10
9 50
10 9
10 11
10 51
10 52
11 10
11 12
11 53
11 54
12 11
12 13
12 55
12 56
13 12
13 14
13 23
13 57
14 13
14 15
14 16
15 14
16 14
16 17
16 21
17 16
17 18
17 58
17 59
18 17
18 19
18 20
19 18
20 18
21 16
21 22
21 60
21 61
22 21
22 23
22 62
22 63
23 22
23 13
23 24
24 23
24 25
24 26
25 24
26 24
26 27
26 64
26 65
27 26
27 28
27 66
28 27
28 29
28 30
29 28
30 28
30 31
30 38
31 30
31 32
31 67
32 31
32 33
32 68
33 32
33 34
33 37
34 33
34 35
34 36
35 34
35 69
35 70
36 34
36 71
36 72
37 33
37 38
37 73
38 37
38 30
38 74
39 0
40 0
41 2
42 2
43 3
44 4
45 4
46 5
47 5
48 6
49 6
50 9
51 10
52 10
53 11
54 11
55 12
56 12
57 13
58 17
59 17
60 21
61 21
62 22
63 22
64 26
65 26
66 27
67 31
68 32
69 35
70 35
71 36
72 36
73 37
74 38
