67 140
4
4
5
4
4
4
4
4
4
5
4
4
4
4
4
10
4
4
5
4
4
4
4
6
4
4
4
4
4
4
4
9
4
4
2
2
2
2
2
2
2
2
2
2
2
2
2
2
2
2
2
2
2
2
2
2
2
2
2
2
2
2
2
2
2
2
2
0 1
0 34
0 35
0 36
1 0
1 2
1 37
1 38
2 1
2 3
2 5
2 39
3 2
3 4
3 40
3 41
4 3
4 42
4 43
4 44
5 2
5 6
5 45
5 46
6 5
6 7
6 47
6 48
7 6
7 8
7 49
7 50
8 7
8 9
8 27
8 51
9 8
9 10
9 52
10 9
10 11
10 26
11 10
11 12
11 17
12 11
12 13
12 53
13 12
13 14
13 54
14 13
14 15
14 16
15 14
16 14
16 17
16 55
17 16
17 11
17 18
18 17
18 19
18 56
19 18
19 20
19 26
20 19
20 21
20 57
21 20
21 22
21 58
22 21
22 23
22 25
23 22
23 24
24 23
24 59
24 60
24 61
25 22
25 26
25 62
26 25
26 10
26 19
27 8
27 28
27 33
28 27
28 29
28 63
29 28
29 30
29 64
30 29
30 31
30 32
31 30
32 30
32 33
32 65
33 32
33 27
33 66
34 0
35 0
36 0
37 1
38 1
39 2
40 3
41 3
42 4
43 4
44 4
45 5
46 5
47 6
48 6
49 7
50 7
51 8
52 9
53 12
54 13
55 16
56 18
57 20
58 21
59 24
60 24
61 24
62 25
63 28
64 29
65 32
66 33
