64 130
4
4
4
4
4
4
4
5
5
4
6
4
4
4
4
5
4
5
4
6
5
4
4
4
4
4
4
4
5
2
2
2
2
2
2
2
2
2
2
2
2
2
2
2
2
2
2
2
2
2
2
2
2
2
2
2
2
2
2
2
2
2
2
2
0 1
0 29
0 30
0 31
1 0
1 2
1 32
1 33
2 1
2 3
2 34
2 35
3 2
3 4
3 7
4 3
4 5
4 36
4 37
5 4
5 6
5 38
5 39
6 5
6 40
6 41
6 42
7 3
7 8
8 7
8 9
8 43
9 8
9 10
9 11
10 9
11 9
11 12
11 16
12 11
12 13
12 44
13 12
13 14
13 45
14 13
14 15
14 46
15 14
15 16
16 15
16 11
16 17
17 16
17 18
17 47
18 17
18 19
18 20
19 18
20 18
20 21
20 48
21 20
21 22
21 49
21 50
22 21
22 23
22 51
22 52
23 22
23 24
23 28
23 53
24 23
24 25
24 54
24 55
25 24
25 26
25 56
25 57
26 25
26 27
26 58
26 59
27 26
27 28
27 60
27 61
28 27
28 23
28 62
28 63
29 0
30 0
31 0
32 1
33 1
34 2
35 2
36 4
37 4
38 5
39 5
40 6
41 6
42 6
43 8
44 12
45 13
46 14
47 17
48 20
49 21
50 21
51 22
52 22
53 23
54 24
55 24
56 25
57 25
58 26
59 26
60 27
61 27
62 28
63 28
