75 152
5
8
6
6
4
5
5
4
5
4
6
4
5
4
4
5
4
4
5
4
4
6
6
4
4
6
5
4
5
5
4
8
5
6
6
8
4
4
6
6
4
4
6
6
8
2
2
2
2
2
2
2
2
2
2
2
2
2
2
2
2
2
2
2
2
2
2
2
2
2
2
2
2
2
2
0 1
0 45
0 46
1 0
1 2
1 3
1 4
2 1
3 1
4 1
4 5
4 44
4 47
5 4
5 6
6 5
6 7
7 6
7 8
7 44
7 48
8 7
8 9
8 49
9 8
9 10
9 11
10 9
11 9
11 12
11 50
11 51
12 11
12 13
12 40
12 52
13 12
13 14
13 53
13 54
14 13
14 15
14 55
14 56
15 14
15 16
15 36
16 15
16 17
16 57
16 58
17 16
17 18
17 59
17 60
18 17
18 19
18 23
18 61
19 18
19 20
19 62
19 63
20 19
20 21
20 22
21 20
22 20
23 18
23 24
23 64
23 65
24 23
24 25
24 26
25 24
26 24
26 27
26 66
27 26
27 28
27 35
27 67
28 27
28 29
29 28
29 30
30 29
30 31
30 35
30 68
31 30
31 32
31 33
31 34
32 31
32 69
32 70
33 31
34 31
35 30
35 27
36 15
36 37
36 71
36 72
37 36
37 38
37 39
38 37
39 37
40 12
40 41
40 73
40 74
41 40
41 42
41 43
42 41
43 41
44 7
44 4
45 0
46 0
47 4
48 7
49 8
50 11
51 11
52 12
53 13
54 13
55 14
56 14
57 16
58 16
59 17
60 17
61 18
62 19
63 19
64 23
65 23
66 26
67 27
68 30
69 32
70 32
71 36
72 36
73 40
74 40
