65 132
4
4
5
4
4
4
4
4
4
4
4
6
6
4
4
4
4
4
6
5
4
4
4
4
4
5
6
4
4
4
2
2
2
2
2
2
2
2
2
2
2
2
2
2
2
2
2
2
2
2
2
2
2
2
2
2
2
2
2
2
2
2
2
2
2
0 1
0 30
0 31
0 32
1 0
1 2
1 33
1 34
2 1
2 3
2 6
3 2
3 4
3 5
3 35
4 3
4 36
4 37
4 38
5 3
5 39
5 40
5 41
6 2
6 7
6 29
7 6
7 8
7 42
8 7
8 9
8 43
9 8
9 10
9 28
10 9
10 11
10 12
11 10
12 10
12 13
13 12
13 14
13 17
13 44
14 13
14 15
14 16
14 45
15 14
15 46
15 47
15 48
16 14
16 49
16 50
16 51
17 13
17 18
17 19
18 17
19 17
19 20
19 27
20 19
20 21
20 52
20 53
21 20
21 22
21 54
21 55
22 21
22 23
22 56
22 57
23 22
23 24
23 27
23 58
24 23
24 25
24 26
25 24
25 59
25 60
26 24
27 23
27 19
27 61
27 62
28 9
28 29
28 63
29 28
29 6
29 64
30 0
31 0
32 0
33 1
34 1
35 3
36 4
37 4
38 4
39 5
40 5
41 5
42 7
43 8
44 13
45 14
46 15
47 15
48 15
49 16
50 16
51 16
52 20
53 20
54 21
55 21
56 22
57 22
58 23
59 25
60 25
61 27
62 27
63 28
64 29
