62 132
4
8
4
4
4
4
4
5
4
6
4
4
8
4
5
5
4
4
4
4
4
4
4
4
4
4
4
4
4
4
4
4
5
4
6
4
2
2
2
2
2
2
2
2
2
2
2
2
2
2
2
2
2
2
2
2
2
2
2
2
2
2
0 1
0 36
0 37
0 38
1 0
1 2
2 1
2 3
2 35
3 2
3 4
3 39
4 3
4 5
4 40
5 4
5 6
5 41
6 5
6 7
6 35
7 6
7 8
7 42
8 7
8 9
8 10
9 8
10 8
10 11
10 43
10 44
11 10
11 12
11 33
11 45
12 11
12 13
13 12
13 14
13 32
14 13
14 15
14 24
15 14
15 16
16 15
16 17
16 23
17 16
17 18
17 22
18 17
18 19
18 46
19 18
19 20
19 47
20 19
20 21
20 48
21 20
21 22
21 49
22 21
22 17
22 50
23 16
23 24
23 51
23 52
24 23
24 14
24 25
24 53
25 24
25 26
25 31
26 25
26 27
26 54
27 26
27 28
27 55
28 27
28 29
28 30
29 28
29 56
29 57
29 58
30 28
30 31
30 59
31 30
31 25
31 60
32 13
32 33
33 32
33 11
33 34
34 33
35 6
35 2
35 61
36 0
37 0
38 0
39 3
40 4
41 5
42 7
43 10
44 10
45 11
46 18
47 19
48 20
49 21
50 22
51 23
52 23
53 24
54 26
55 27
56 29
57 29
58 29
59 30
60 31
61 35
