60 126
6
4
4
4
4
4
4
4
4
4
4
6
5
4
4
4
4
4
4
5
4
4
4
4
4
4
4
2
2
2
2
2
2
2
2
2
2
2
2
2
2
2
2
2
2
2
2
2
2
2
2
2
2
2
2
2
2
2
2
2
0 1
1 0
1 2
1 26
2 1
2 3
2 27
2 28
3 2
3 4
3 29
3 30
4 3
4 5
4 31
4 32
5 4
5 6
5 33
5 34
6 5
6 7
6 26
7 6
7 8
7 35
8 7
8 9
8 24
9 8
9 10
9 36
9 37
10 9
10 11
10 12
11 10
12 10
12 13
12 17
13 12
13 14
13 38
13 39
14 13
14 15
14 40
14 41
15 14
15 16
15 42
15 43
16 15
16 17
16 44
16 45
17 16
17 12
17 18
17 46
18 17
18 19
18 47
18 48
19 18
19 20
19 23
19 49
20 19
20 21
20 50
20 51
21 20
21 22
21 52
21 53
22 21
22 23
22 54
22 55
23 22
23 19
23 56
23 57
24 8
24 25
24 58
25 24
25 26
25 59
26 25
26 6
26 1
27 2
28 2
29 3
30 3
31 4
32 4
33 5
34 5
35 7
36 9
37 9
38 13
39 13
40 14
41 14
42 15
43 15
44 16
45 16
46 17
47 18
48 18
49 19
50 20
51 20
52 21
53 21
54 22
55 22
56 23
57 23
58 24
59 25
