71 148
4
4
4
5
4
4
4
5
4
4
5
4
4
4
4
4
4
4
4
4
4
4
4
4
4
6
5
4
4
4
4
2
2
2
2
2
2
2
2
2
2
2
2
2
2
2
2
2
2
2
2
2
2
2
2
2
2
2
2
2
2
2
2
2
2
2
2
2
2
2
2
0 1
0 31
0 32
0 33
1 0
1 2
1 34
1 35
2 1
2 3
2 36
2 37
3 2
3 4
3 30
3 38
4 3
4 5
4 39
4 40
5 4
5 6
5 41
5 42
6 5
6 7
6 29
6 43
7 6
7 8
7 23
8 7
8 9
8 44
8 45
9 8
9 10
9 22
9 46
10 9
10 11
10 47
10 48
11 10
11 12
11 49
11 50
12 11
12 13
12 21
13 12
13 14
13 51
14 13
14 15
14 52
15 14
15 16
15 53
16 15
16 17
16 21
17 16
17 18
17 54
18 17
18 19
18 55
19 18
19 20
19 56
20 19
20 21
20 57
21 20
21 12
21 16
22 9
22 23
22 58
22 59
23 22
23 7
23 24
23 60
24 23
24 25
24 26
25 24
26 24
26 27
26 61
27 26
27 28
27 62
27 63
28 27
28 64
28 65
28 66
29 6
29 30
29 67
29 68
30 29
30 3
30 69
30 70
31 0
32 0
33 0
34 1
35 1
36 2
37 2
38 3
39 4
40 4
41 5
42 5
43 6
44 8
45 8
46 9
47 10
48 10
49 11
50 11
51 13
52 14
53 15
54 17
55 18
56 19
57 20
58 22
59 22
60 23
61 26
62 27
63 27
64 28
65 28
66 28
67 29
68 29
69 30
70 30
