75 150
4
4
4
4
4
4
4
4
4
4
4
4
4
4
4
4
4
4
6
5
4
4
4
4
4
4
6
4
6
4
2
2
2
2
2
2
2
2
2
2
2
2
2
2
2
2
2
2
2
2
2
2
2
2
2
2
2
2
2
2
2
2
2
2
2
2
2
2
2
2
2
2
2
2
2
0 1
0 30
0 31
0 32
1 0
1 2
1 33
1 34
2 1
2 3
2 35
2 36
3 2
3 4
3 37
3 38
4 3
4 5
4 39
4 40
5 4
5 6
5 41
5 42
6 5
6 7
6 43
6 44
7 6
7 8
7 45
7 46
8 7
8 9
8 47
8 48
9 8
9 10
9 49
9 50
10 9
10 11
10 51
10 52
11 10
11 12
11 53
11 54
12 11
12 13
12 55
12 56
13 12
13 14
13 57
13 58
14 13
14 15
14 59
14 60
15 14
15 16
15 61
15 62
16 15
16 17
16 63
16 64
17 16
17 18
17 19
18 17
19 17
19 20
19 65
20 19
20 21
20 66
20 67
21 20
21 22
21 68
21 69
22 21
22 23
22 29
23 22
23 24
23 70
24 23
24 25
24 71
25 24
25 26
25 27
26 25
26 72
27 25
27 28
27 29
28 27
28 73
29 27
29 22
29 74
30 0
31 0
32 0
33 1
34 1
35 2
36 2
37 3
38 3
39 4
40 4
41 5
42 5
43 6
44 6
45 7
46 7
47 8
48 8
49 9
50 9
51 10
52 10
53 11
54 11
55 12
56 12
57 13
58 13
59 14
60 14
61 15
62 15
63 16
64 16
65 19
66 20
67 20
68 21
69 21
70 23
71 24
72 26
73 28
74 29
