65 136
4
5
4
4
5
4
4
4
4
4
4
5
4
4
4
4
4
6
4
4
4
4
5
4
4
4
4
4
4
4
4
2
2
2
2
2
2
2
2
2
2
2
2
2
2
2
2
2
2
2
2
2
2
2
2
2
2
2
2
2
2
2
2
2
2
0 1
0 31
0 32
0 33
1 0
1 2
1 30
1 34
2 1
2 3
2 35
2 36
3 2
3 4
3 37
3 38
4 3
4 5
4 29
5 4
5 6
5 39
5 40
6 5
6 7
6 28
7 6
7 8
7 41
8 7
8 9
8 42
9 8
9 10
9 27
10 9
10 11
10 43
10 44
11 10
11 12
11 45
11 46
12 11
12 13
12 47
12 48
13 12
13 14
13 26
14 13
14 15
14 49
15 14
15 16
15 50
16 15
16 17
16 25
17 16
17 18
18 17
18 19
18 51
18 52
19 18
19 20
19 24
20 19
20 21
20 53
21 20
21 22
21 54
22 21
22 23
23 22
23 24
23 55
24 23
24 19
24 56
25 16
25 26
25 57
26 25
26 13
26 58
27 9
27 28
27 59
28 27
28 6
28 60
29 4
29 30
29 61
29 62
30 29
30 1
30 63
30 64
31 0
32 0
33 0
34 1
35 2
36 2
37 3
38 3
39 5
40 5
41 7
42 8
43 10
44 10
45 11
46 11
47 12
48 12
49 14
50 15
51 18
52 18
53 20
54 21
55 23
56 24
57 25
58 26
59 27
60 28
61 29
62 29
63 30
64 30
