61 128
4
4
8
6
6
5
4
4
4
5
4
4
4
4
4
4
4
4
4
4
6
5
4
4
4
4
4
4
4
2
2
2
2
2
2
2
2
2
2
2
2
2
2
2
2
2
2
2
2
2
2
2
2
2
2
2
2
2
2
2
2
0 1
0 29
0 30
0 31
1 0
1 2
1 32
1 33
2 1
2 3
2 4
2 5
3 2
4 2
5 2
5 6
5 28
6 5
6 7
6 15
7 6
7 8
7 16
8 7
8 9
8 34
8 35
9 8
9 10
9 15
9 36
10 9
10 11
10 14
10 37
11 10
11 12
11 38
11 39
12 11
12 13
12 40
12 41
13 12
13 14
13 42
13 43
14 13
14 10
14 44
14 45
15 9
15 6
15 46
15 47
16 7
16 17
16 28
17 16
17 18
17 48
18 17
18 19
18 26
19 18
19 20
19 21
20 19
21 19
21 22
21 23
22 21
22 49
22 50
22 51
23 21
23 24
23 25
23 52
24 23
24 53
24 54
24 55
25 23
25 56
25 57
25 58
26 18
26 27
26 59
27 26
27 28
27 60
28 27
28 16
28 5
29 0
30 0
31 0
32 1
33 1
34 8
35 8
36 9
37 10
38 11
39 11
40 12
41 12
42 13
43 13
44 14
45 14
46 15
47 15
48 17
49 22
50 22
51 22
52 23
53 24
54 24
55 24
56 25
57 25
58 25
59 26
60 27
