125
31 0
35 0
2 1
14 1
31 1
1 2
13 2
40 2
27 3
28 3
54 3
79 3
22 4
26 4
30 4
59 5
60 5
57 6
61 6
8 7
20 7
57 7
7 8
19 8
66 8
53 9
54 9
22 10
52 10
56 10
84 11
85 11
82 12
86 12
2 13
14 13
82 13
1 14
13 14
91 14
78 15
79 15
22 16
77 16
81 16
110 17
111 17
108 18
112 18
8 19
20 19
108 19
7 20
19 20
117 20
104 21
105 21
4 22
10 22
16 22
103 22
107 22
32 23
48 23
99 23
45 24
47 24
27 25
46 25
4 26
47 26
3 27
25 27
3 28
29 28
28 29
38 29
4 30
0 31
1 31
23 32
33 32
32 33
34 33
33 34
39 34
0 35
41 35
39 36
42 36
41 37
43 37
29 38
44 38
34 39
36 39
2 40
44 40
91 40
35 41
37 41
36 42
43 42
37 43
42 43
38 44
40 44
24 45
46 45
25 46
45 46
24 47
26 47
73 47
124 47
23 48
49 48
48 49
58 49
99 49
71 50
73 50
53 51
72 51
10 52
73 52
9 53
51 53
3 54
9 54
55 54
54 55
64 55
10 56
6 57
7 57
49 58
59 58
5 59
58 59
5 60
65 60
6 61
67 61
65 62
68 62
67 63
69 63
55 64
70 64
60 65
62 65
8 66
70 66
91 66
61 67
63 67
62 68
69 68
63 69
68 69
64 70
66 70
50 71
72 71
51 72
71 72
47 73
50 73
52 73
98 73
124 73
83 74
96 75
98 75
78 76
97 76
16 77
98 77
15 78
76 78
3 79
15 79
80 79
79 80
89 80
16 81
12 82
13 82
74 83
84 83
11 84
83 84
11 85
90 85
12 86
92 86
90 87
93 87
92 88
94 88
80 89
95 89
85 90
87 90
14 91
40 91
66 91
95 91
117 91
86 92
88 92
87 93
94 93
88 94
93 94
89 95
91 95
75 96
97 96
76 97
96 97
73 98
75 98
77 98
124 98
23 99
49 99
100 99
99 100
109 100
122 101
124 101
104 102
123 102
22 103
124 103
21 104
102 104
21 105
106 105
105 106
115 106
22 107
18 108
19 108
100 109
110 109
17 110
109 110
17 111
116 111
18 112
118 112
116 113
119 113
118 114
120 114
106 115
121 115
111 116
113 116
20 117
91 117
121 117
112 118
114 118
113 119
120 119
114 120
119 120
115 121
117 121
101 122
123 122
102 123
122 123
47 124
73 124
98 124
101 124
103 124
