96
21 0
32 1
35 1
40 2
43 2
4 3
18 3
39 3
3 4
17 4
36 4
6 5
19 5
20 5
44 5
5 6
19 6
8 7
21 7
45 7
48 7
7 8
49 8
52 8
57 9
60 9
11 10
25 10
56 10
10 11
24 11
53 11
13 12
27 12
61 12
12 13
26 13
27 13
21 14
62 14
65 14
66 15
69 15
74 16
77 16
4 17
18 17
73 17
3 18
17 18
70 18
5 19
6 19
20 19
78 19
5 20
19 20
0 21
7 21
14 21
22 21
79 21
82 21
21 22
83 22
86 22
91 23
94 23
11 24
25 24
90 24
10 25
24 25
87 25
13 26
27 26
95 26
12 27
13 27
26 27
29 28
31 28
28 29
30 29
29 30
32 30
28 31
1 32
30 32
34 33
40 33
33 34
35 34
1 35
34 35
4 36
37 36
36 37
38 37
37 38
44 38
3 39
41 39
2 40
33 40
39 41
42 41
41 42
43 42
2 43
42 43
5 44
38 44
95 44
7 45
46 45
45 46
47 46
46 47
49 47
7 48
8 49
47 49
51 50
57 50
50 51
52 51
8 52
51 52
11 53
54 53
53 54
55 54
54 55
61 55
10 56
58 56
9 57
50 57
56 58
59 58
58 59
60 59
9 60
59 60
12 61
55 61
95 61
14 62
63 62
62 63
64 63
63 64
66 64
14 65
15 66
64 66
68 67
74 67
67 68
69 68
15 69
68 69
18 70
71 70
70 71
72 71
71 72
78 72
17 73
75 73
16 74
67 74
73 75
76 75
75 76
77 76
16 77
76 77
19 78
72 78
95 78
21 79
80 79
79 80
81 80
80 81
83 81
21 82
22 83
81 83
85 84
91 84
84 85
86 85
22 86
85 86
25 87
88 87
87 88
89 88
88 89
95 89
24 90
92 90
23 91
84 91
90 92
93 92
92 93
94 93
23 94
93 94
26 95
44 95
61 95
78 95
89 95
