90 254
1
1
1
1
1
1
1
1
1
1
1
1
1
1
1
1
1
1
1
1
1
1
1
1
1
1
1
1
1
1
1
1
1
1
1
1
1
1
1
1
1
1
1
1
1
1
1
1
1
1
1
1
1
1
1
1
1
1
1
1
1
1
1
1
1
1
1
1
1
1
1
1
1
1
1
1
1
1
1
1
1
1
1
1
1
1
1
1
1
1
0 1
0 16
0 19
0 8
1 0
1 2
1 3
1 4
2 1
2 29
3 1
3 35
4 1
4 51
5 6
5 70
6 5
6 7
6 8
7 6
7 17
7 56
7 72
7 29
7 35
7 51
7 65
8 0
8 6
8 17
8 56
8 18
8 29
8 35
8 51
8 65
9 10
9 52
9 59
9 71
10 9
10 11
11 10
11 13
11 12
11 14
12 11
12 13
12 54
12 55
13 11
13 12
13 14
13 15
14 11
14 13
14 61
14 62
15 13
15 26
15 32
15 41
15 49
15 62
15 69
16 0
16 17
16 18
17 7
17 8
17 16
17 50
17 51
18 8
18 16
19 0
19 73
20 21
20 25
20 24
20 26
21 20
21 22
21 23
21 24
22 21
22 25
22 31
22 32
23 21
23 74
24 20
24 21
25 20
25 22
25 30
25 31
26 15
26 20
26 55
26 69
27 28
27 75
28 27
28 29
29 2
29 7
29 8
29 28
29 44
29 58
30 25
30 76
31 22
31 25
32 15
32 22
32 55
32 69
33 34
33 77
34 33
34 35
35 3
35 7
35 8
35 34
36 37
36 40
36 39
36 41
37 36
37 38
37 39
38 37
38 78
39 36
39 37
40 36
40 45
40 66
40 68
40 69
41 15
41 36
42 43
42 79
43 42
43 44
44 29
44 43
44 81
45 40
45 46
45 48
45 49
46 45
46 47
46 48
47 46
47 80
48 45
48 46
49 15
49 45
50 17
50 82
51 4
51 7
51 8
51 17
52 9
52 53
52 54
53 52
53 83
54 12
54 52
55 12
55 26
55 32
56 7
56 8
56 57
56 58
57 56
57 84
58 29
58 56
58 86
59 9
59 60
59 61
60 59
60 85
61 14
61 59
62 14
62 15
63 64
63 87
64 63
64 65
65 7
65 8
65 64
65 89
66 40
66 67
66 68
67 66
67 88
68 40
68 66
69 15
69 26
69 32
69 40
70 5
70 71
71 9
71 70
72 7
73 19
73 74
74 23
74 73
75 27
75 76
76 30
76 75
77 33
77 78
78 38
78 77
79 42
79 80
80 47
80 79
81 44
82 50
82 83
83 53
83 82
84 57
84 85
85 60
85 84
86 58
87 63
87 88
88 67
88 87
89 65
