125 282
1
1
1
1
1
1
1
1
1
1
1
1
1
1
1
1
1
1
1
1
1
1
1
1
1
1
1
1
1
1
1
1
1
1
1
1
1
1
1
1
1
1
1
1
1
1
1
1
1
1
1
1
1
1
1
1
1
1
1
1
1
1
1
1
1
1
1
1
1
1
1
1
1
1
1
1
1
1
1
1
1
1
1
1
1
1
1
1
1
1
1
1
1
1
1
1
1
1
1
1
1
1
1
1
1
1
1
1
1
1
1
1
1
1
1
1
1
1
1
1
1
1
1
1
1
0 1
0 4
1 0
1 2
2 1
2 71
3 4
3 6
3 7
4 0
4 3
4 5
5 4
5 6
5 39
6 3
6 5
6 36
7 3
7 76
7 39
8 9
8 64
9 8
9 10
9 11
9 12
10 9
10 66
11 9
11 29
11 85
12 9
12 41
12 101
13 14
13 30
13 42
13 55
13 56
14 13
14 15
14 16
15 14
15 63
16 14
17 18
17 80
18 17
18 19
19 18
19 87
20 21
20 24
21 20
21 22
22 21
22 88
23 24
23 26
23 27
24 20
24 23
24 25
25 24
25 26
25 51
26 23
26 25
26 48
27 23
27 93
27 39
28 29
28 83
29 11
29 28
30 13
30 31
30 32
31 30
31 77
32 30
33 34
33 95
34 33
34 35
35 34
35 103
36 6
36 37
37 36
37 38
38 37
38 104
39 5
39 7
39 27
39 109
39 51
40 41
40 99
41 12
41 40
42 13
42 43
42 44
43 42
43 94
44 42
45 46
45 111
46 45
46 47
47 46
47 118
48 26
48 49
49 48
49 50
50 49
50 119
51 25
51 39
51 124
52 53
52 114
53 52
53 54
54 53
54 116
55 13
55 78
56 13
57 58
57 68
58 57
58 59
58 60
59 58
59 79
60 58
60 79
60 110
61 62
61 65
62 61
62 63
63 15
63 62
63 77
63 78
64 8
64 65
65 61
65 64
66 10
66 67
67 66
67 76
68 57
68 69
69 68
69 70
70 69
70 72
71 2
71 74
72 70
72 73
73 72
73 75
74 71
74 75
75 73
75 74
76 7
76 67
77 31
77 63
77 82
77 94
77 78
78 55
78 63
78 77
78 94
78 113
79 59
79 60
79 80
80 17
80 79
81 82
81 84
82 77
82 81
83 28
83 84
84 81
84 83
85 11
85 86
86 85
86 93
87 19
87 89
88 22
88 91
89 87
89 90
90 89
90 92
91 88
91 92
92 90
92 91
93 27
93 86
94 43
94 77
94 78
94 98
95 33
95 96
96 95
97 98
97 100
98 94
98 97
99 40
99 100
100 97
100 99
101 12
101 102
102 101
102 109
103 35
103 105
104 38
104 107
105 103
105 106
106 105
106 108
107 104
107 108
108 106
108 107
109 39
109 102
110 60
110 111
111 45
111 110
112 113
112 115
113 78
113 112
114 52
114 115
115 112
115 114
116 54
116 117
117 116
117 124
118 47
118 120
119 50
119 122
120 118
120 121
121 120
121 123
122 119
122 123
123 121
123 122
124 51
124 117
