123
5 0
10 0
28 0
32 0
28 1
37 1
24 2
25 2
51 2
77 2
18 3
23 3
27 3
56 4
57 4
0 5
10 5
15 5
54 5
58 5
54 6
63 6
50 7
51 7
18 8
49 8
53 8
82 9
83 9
0 10
5 10
15 10
80 10
84 10
80 11
89 11
76 12
77 12
18 13
75 13
79 13
108 14
109 14
5 15
10 15
106 15
110 15
106 16
115 16
102 17
103 17
3 18
8 18
13 18
101 18
105 18
20 19
19 20
29 20
42 21
44 21
24 22
43 22
3 23
44 23
2 24
22 24
2 25
26 25
25 26
35 26
3 27
0 28
1 28
20 29
30 29
29 30
31 30
30 31
36 31
0 32
38 32
36 33
39 33
38 34
40 34
26 35
41 35
31 36
33 36
1 37
41 37
63 37
89 37
32 38
34 38
90 38
33 39
40 39
34 40
39 40
35 41
37 41
21 42
43 42
22 43
42 43
21 44
23 44
122 44
46 45
45 46
55 46
68 47
70 47
50 48
69 48
8 49
70 49
7 50
48 50
2 51
7 51
52 51
51 52
61 52
8 53
5 54
6 54
46 55
56 55
4 56
55 56
4 57
62 57
5 58
64 58
62 59
65 59
64 60
66 60
52 61
67 61
57 62
59 62
6 63
37 63
67 63
115 63
58 64
60 64
90 64
59 65
66 65
60 66
65 66
61 67
63 67
47 68
69 68
48 69
68 69
47 70
49 70
122 70
72 71
71 72
81 72
94 73
96 73
76 74
95 74
13 75
96 75
12 76
74 76
2 77
12 77
78 77
77 78
87 78
13 79
10 80
11 80
72 81
82 81
9 82
81 82
9 83
88 83
10 84
90 84
88 85
91 85
90 86
92 86
78 87
93 87
83 88
85 88
11 89
37 89
93 89
115 89
38 90
64 90
84 90
86 90
116 90
85 91
92 91
86 92
91 92
87 93
89 93
73 94
95 94
74 95
94 95
73 96
75 96
122 96
98 97
97 98
107 98
120 99
122 99
102 100
121 100
18 101
122 101
17 102
100 102
17 103
104 103
103 104
113 104
18 105
15 106
16 106
98 107
108 107
14 108
107 108
14 109
114 109
15 110
116 110
114 111
117 111
116 112
118 112
104 113
119 113
109 114
111 114
16 115
63 115
89 115
119 115
90 116
110 116
112 116
111 117
118 117
112 118
117 118
113 119
115 119
99 120
121 120
100 121
120 121
44 122
70 122
96 122
99 122
101 122
