60 206
1
1
1
1
1
1
1
1
1
1
1
1
1
1
1
1
1
1
1
1
1
1
1
1
1
1
1
1
1
1
1
1
1
1
1
1
1
1
1
1
1
1
1
1
1
1
1
1
1
1
1
1
1
1
1
1
1
1
1
1
0 1
0 2
0 4
1 0
1 2
1 3
2 0
2 1
2 5
2 6
3 1
3 4
3 39
4 0
4 3
4 39
5 2
5 7
5 8
5 9
5 10
6 2
6 56
6 41
7 5
7 8
7 11
7 12
8 5
8 7
8 13
8 14
9 5
9 55
9 58
10 5
10 12
11 7
11 40
11 13
11 45
12 7
12 10
13 8
13 11
13 40
13 44
14 8
14 19
15 16
15 20
15 21
15 22
16 15
16 17
16 18
16 19
17 16
17 20
17 48
17 49
18 16
18 22
19 14
19 16
20 15
20 17
20 46
20 47
21 15
21 54
21 26
21 50
22 15
22 18
23 24
23 27
23 28
23 29
23 30
24 23
24 25
24 26
25 24
25 27
25 28
25 29
25 51
26 21
26 24
26 54
26 50
27 23
27 25
27 31
27 30
28 23
28 25
28 50
29 23
29 25
29 52
29 51
30 23
30 27
30 31
30 52
31 27
31 30
31 33
31 38
31 53
31 51
32 33
32 35
32 36
32 37
32 38
33 31
33 32
33 34
34 33
34 35
34 36
34 37
34 53
35 32
35 34
35 37
35 38
36 32
36 34
36 52
37 32
37 34
37 35
37 53
38 31
38 32
38 35
38 52
39 3
39 4
39 40
39 41
40 11
40 13
40 39
40 42
40 43
41 6
41 39
41 57
42 40
42 55
42 58
43 40
43 44
44 13
44 43
45 11
45 47
46 20
46 49
47 20
47 45
48 17
48 59
49 17
49 46
50 21
50 26
50 28
50 54
50 59
51 25
51 29
51 31
51 52
52 29
52 30
52 36
52 38
52 51
52 53
53 31
53 34
53 37
53 52
54 21
54 26
54 50
55 9
55 42
55 56
56 6
56 55
56 57
57 41
57 56
57 58
58 9
58 42
58 57
59 48
59 50
