60 160
1
1
1
1
1
1
1
1
1
1
1
1
1
1
1
1
1
1
1
1
1
1
1
1
1
1
1
1
1
1
1
1
1
1
1
1
1
1
1
1
1
1
1
1
1
1
1
1
1
1
1
1
1
1
1
1
1
1
1
1
0 1
0 3
0 4
0 5
0 6
0 7
1 0
1 2
2 1
2 52
2 7
3 0
3 8
3 9
3 6
4 0
4 43
4 44
4 45
5 0
5 8
5 43
5 9
5 46
6 0
6 3
7 0
7 2
8 3
8 5
8 10
9 3
9 5
9 11
9 29
9 47
10 8
10 11
11 9
11 10
11 12
12 11
12 15
13 14
13 31
13 40
13 50
13 51
14 13
14 15
14 16
15 12
15 14
16 14
16 53
17 18
17 21
17 22
17 23
17 20
18 17
18 19
18 20
19 18
19 55
20 17
20 18
21 17
21 24
21 25
21 26
21 23
22 17
22 25
22 34
22 35
23 17
23 21
24 21
24 27
24 28
25 21
25 22
25 36
25 37
25 35
26 21
26 36
26 38
27 24
27 38
27 39
28 24
28 29
29 9
29 28
29 30
30 29
30 32
31 13
31 32
31 33
32 30
32 31
33 31
33 56
34 22
34 57
35 22
35 25
36 25
36 26
36 37
37 25
37 36
38 26
38 27
39 27
39 41
40 13
40 41
40 42
41 39
41 40
42 40
42 58
43 4
43 5
43 46
43 45
44 4
44 59
45 4
45 43
46 5
46 43
47 9
47 48
48 47
48 49
49 48
49 50
50 13
50 49
51 13
51 54
52 2
53 16
53 54
54 51
54 53
54 56
54 58
55 19
56 33
56 54
57 34
58 42
58 54
59 44
