60 200
1
1
1
1
1
1
1
1
1
1
1
1
1
1
1
1
1
1
1
1
1
1
1
1
1
1
1
1
1
1
1
1
1
1
1
1
1
1
1
1
1
1
1
1
1
1
1
1
1
1
1
1
1
1
1
1
1
1
1
1
0 1
0 23
0 36
0 2
0 37
0 3
1 0
1 2
1 3
2 0
2 1
2 23
2 24
3 0
3 1
3 23
3 24
4 5
4 25
4 38
4 39
5 4
5 6
5 7
6 5
6 25
6 40
6 42
7 5
7 25
7 38
7 39
8 9
8 27
8 41
8 11
9 8
9 10
9 11
9 12
10 9
10 46
11 8
11 9
11 27
12 9
12 27
12 43
12 29
13 14
13 17
13 18
14 13
14 15
14 16
15 14
15 31
15 16
15 33
16 14
16 15
16 31
16 49
16 32
17 13
17 30
17 50
17 52
18 13
18 30
18 50
18 52
19 20
19 34
19 44
19 21
19 22
20 19
20 21
20 22
21 19
21 20
21 44
21 22
22 19
22 20
22 21
22 34
22 44
23 0
23 2
23 3
23 24
24 2
24 3
24 23
24 36
24 37
25 4
25 6
25 7
25 26
26 25
26 40
26 42
27 8
27 11
27 12
27 28
27 29
28 27
28 55
29 12
29 27
30 17
30 18
30 31
31 15
31 16
31 30
31 32
31 33
32 16
32 31
32 59
32 33
33 15
33 31
33 32
34 19
34 22
34 35
35 34
35 54
36 0
36 24
36 38
37 0
37 24
37 39
38 4
38 7
38 36
39 4
39 7
39 37
40 6
40 26
40 41
40 43
41 8
41 40
41 42
42 6
42 26
42 41
42 43
43 12
43 40
43 42
44 19
44 21
44 22
44 51
45 46
45 47
46 10
46 45
47 45
47 48
48 47
48 49
49 16
49 48
50 17
50 18
50 51
50 53
51 44
51 50
51 52
52 17
52 18
52 51
52 53
53 50
53 52
53 54
54 35
54 53
55 28
55 56
56 55
56 57
57 56
57 58
58 57
58 59
59 32
59 58
