121 298
1
1
1
1
1
1
1
1
1
1
1
1
1
1
1
1
1
1
1
1
1
1
1
1
1
1
1
1
1
1
1
1
1
1
1
1
1
1
1
1
1
1
1
1
1
1
1
1
1
1
1
1
1
1
1
1
1
1
1
1
1
1
1
1
1
1
1
1
1
1
1
1
1
1
1
1
1
1
1
1
1
1
1
1
1
1
1
1
1
1
1
1
1
1
1
1
1
1
1
1
1
1
1
1
1
1
1
1
1
1
1
1
1
1
1
1
1
1
1
1
1
0 1
0 3
0 4
0 6
1 0
1 2
1 3
1 4
1 5
2 1
2 18
2 3
2 19
2 20
3 0
3 1
3 2
3 30
3 31
3 32
4 0
4 1
4 44
5 1
5 67
6 0
6 47
6 72
7 8
7 61
8 7
8 9
8 10
9 8
9 49
9 63
10 8
10 23
10 49
10 82
11 12
11 24
11 37
11 14
11 26
11 52
11 53
12 11
12 13
12 14
13 12
13 60
14 11
14 12
15 16
15 41
15 76
16 15
16 17
17 16
17 84
18 2
18 19
18 21
19 2
19 18
19 44
20 2
20 85
21 18
21 47
21 90
22 23
22 80
23 10
23 22
24 11
24 25
24 26
25 24
25 79
26 11
26 24
27 28
27 41
27 92
28 27
28 29
29 28
29 99
30 3
30 31
30 33
31 3
31 30
31 44
32 3
32 100
33 30
33 47
33 105
34 35
34 95
35 34
35 36
36 35
36 97
37 11
37 38
37 39
38 37
38 73
39 37
40 41
40 54
40 65
41 15
41 27
41 40
41 42
41 43
42 41
42 106
43 41
43 114
44 4
44 19
44 31
44 45
44 46
45 44
45 47
46 44
46 115
47 6
47 21
47 33
47 45
47 48
48 47
48 120
49 9
49 10
49 50
49 51
50 49
50 110
51 49
51 112
52 11
52 74
53 11
54 40
54 55
55 54
55 56
55 57
56 55
56 75
57 55
57 75
57 91
58 59
58 62
59 58
59 60
60 13
60 59
60 73
60 74
61 7
61 62
62 58
62 61
63 9
63 64
64 63
64 72
65 40
65 66
66 65
66 68
67 5
67 70
68 66
68 69
69 68
69 71
70 67
70 71
71 69
71 70
72 6
72 64
73 38
73 60
73 79
73 94
73 74
74 52
74 60
74 73
74 79
74 109
75 56
75 57
75 76
76 15
76 75
77 78
77 81
78 77
78 79
79 25
79 73
79 74
79 78
80 22
80 81
81 77
81 80
82 10
82 83
83 82
83 90
84 17
84 86
85 20
85 88
86 84
86 87
87 86
87 89
88 85
88 89
89 87
89 88
90 21
90 83
91 57
91 92
92 27
92 91
93 94
93 96
94 73
94 93
95 34
95 96
96 93
96 95
97 36
97 98
98 97
98 105
99 29
99 101
100 32
100 103
101 99
101 102
102 101
102 104
103 100
103 104
104 102
104 103
105 33
105 98
106 42
106 107
107 106
108 109
108 111
109 74
109 108
110 50
110 111
111 108
111 110
112 51
112 113
113 112
113 120
114 43
114 116
115 46
115 118
116 114
116 117
117 116
117 119
118 115
118 119
119 117
119 118
120 48
120 113
