60 214
1
1
1
1
1
1
1
1
1
1
1
1
1
1
1
1
1
1
1
1
1
1
1
1
1
1
1
1
1
1
1
1
1
1
1
1
1
1
1
1
1
1
1
1
1
1
1
1
1
1
1
1
1
1
1
1
1
1
1
1
0 1
0 2
0 3
0 4
0 5
0 6
1 0
2 0
2 6
2 7
3 0
3 27
3 31
3 32
4 0
4 38
4 42
4 43
5 0
5 57
6 0
6 2
6 7
6 32
6 43
7 2
7 6
7 9
7 31
7 42
8 9
8 11
8 12
9 7
9 8
9 10
10 9
10 12
10 16
10 33
11 8
11 13
11 14
12 8
12 10
12 32
13 11
13 15
13 16
14 11
14 45
14 46
15 13
15 17
15 18
15 19
16 10
16 13
16 18
17 15
17 20
17 21
17 19
17 22
18 15
18 16
18 34
19 15
19 17
19 34
19 22
19 37
19 49
20 17
20 23
20 24
20 25
20 22
21 17
21 35
21 24
21 37
22 17
22 19
22 20
22 36
22 48
22 49
23 20
23 26
23 25
24 20
24 21
24 35
25 20
25 23
25 47
25 26
26 23
26 25
26 47
26 49
27 3
27 28
27 29
27 31
28 27
28 29
28 30
29 27
29 28
29 57
30 28
30 52
30 54
31 3
31 7
31 27
32 3
32 6
32 12
33 10
33 44
33 43
34 18
34 19
34 35
34 36
35 21
35 24
35 34
35 36
35 37
36 22
36 34
36 35
37 19
37 21
37 35
37 49
38 4
38 39
38 40
38 42
39 38
39 40
39 41
40 38
40 39
40 57
41 39
41 52
41 56
42 4
42 7
42 38
43 4
43 6
43 33
44 33
44 45
45 14
45 44
45 46
46 14
46 45
46 47
46 48
47 25
47 26
47 46
47 48
47 49
48 22
48 46
48 47
49 19
49 22
49 26
49 37
49 47
50 51
50 52
50 53
50 54
50 55
50 56
51 50
52 30
52 41
52 50
52 57
52 58
52 59
53 50
53 58
54 30
54 50
54 58
55 50
55 59
56 41
56 50
56 59
57 5
57 29
57 40
57 52
58 52
58 53
58 54
59 52
59 55
59 56
