66 160
1
1
1
1
1
1
1
1
1
1
1
1
1
1
1
1
1
1
1
1
1
1
1
1
1
1
1
1
1
1
1
1
1
1
1
1
1
1
1
1
1
1
1
1
1
1
1
1
1
1
1
1
1
1
1
1
1
1
1
1
1
1
1
1
1
1
0 1
0 16
0 2
0 4
0 13
0 17
1 0
1 2
1 3
1 4
2 0
2 1
2 11
2 21
2 39
3 1
3 40
3 34
4 0
4 1
4 11
4 21
4 44
5 6
5 9
5 14
5 35
6 5
6 7
6 8
7 6
7 9
7 14
8 6
8 14
9 5
9 7
9 10
10 9
10 41
11 2
11 4
11 12
11 13
12 11
12 45
12 34
13 0
13 11
13 21
13 49
14 5
14 7
14 8
14 15
15 14
15 46
16 0
16 21
16 27
16 33
16 34
17 0
17 50
17 34
18 19
18 51
19 18
19 20
20 19
21 2
21 4
21 13
21 16
21 22
21 23
22 21
22 54
23 21
23 55
24 25
24 56
25 24
25 26
26 25
27 16
27 28
27 29
28 27
28 59
29 27
29 60
30 31
30 61
31 30
31 32
32 31
33 16
33 64
34 3
34 12
34 16
34 17
34 65
35 5
35 36
36 35
36 37
37 36
37 38
38 37
38 39
39 2
39 38
40 3
41 10
41 42
42 41
42 43
43 42
43 44
44 4
44 43
45 12
46 15
46 47
47 46
47 48
48 47
48 49
49 13
49 48
50 17
51 18
51 52
52 51
52 53
53 52
53 54
54 22
54 53
55 23
56 24
56 57
57 56
57 58
58 57
58 59
59 28
59 58
60 29
61 30
61 62
62 61
62 63
63 62
63 64
64 33
64 63
65 34
