59
1 0
12 0
23 0
0 1
2 1
11 1
13 1
34 1
1 2
12 2
35 2
4 3
15 3
35 3
36 3
3 4
14 4
25 4
36 4
37 4
6 5
17 5
28 5
37 5
38 5
5 6
27 6
38 6
39 6
17 7
39 7
40 7
9 8
20 8
33 8
40 8
8 9
10 9
21 9
41 9
9 10
20 10
1 11
13 11
43 11
0 12
2 12
13 12
43 12
1 13
11 13
12 13
44 13
4 14
15 14
44 14
45 14
3 15
14 15
16 15
45 15
46 15
15 16
46 16
47 16
5 17
7 17
18 17
47 17
48 17
17 18
48 18
49 18
20 19
21 19
42 19
49 19
8 20
10 20
19 20
21 20
50 20
9 21
19 21
20 21
23 22
24 22
51 22
0 23
22 23
24 23
51 23
22 24
23 24
51 24
52 24
4 25
26 25
52 25
53 25
25 26
27 26
53 26
54 26
6 27
26 27
28 27
54 27
55 27
5 28
27 28
29 28
55 28
56 28
28 29
56 29
57 29
31 30
32 30
57 30
58 30
30 31
32 31
33 31
58 31
30 32
31 32
33 32
8 33
31 33
32 33
40 33
41 33
49 33
50 33
57 33
58 33
1 34
35 34
2 35
3 35
34 35
43 35
51 35
3 36
4 36
37 36
46 36
54 36
4 37
5 37
36 37
45 37
53 37
5 38
6 38
39 38
48 38
56 38
6 39
7 39
38 39
47 39
55 39
7 40
8 40
33 40
9 41
33 41
42 41
50 41
58 41
19 42
41 42
50 42
58 42
11 43
12 43
35 43
13 44
14 44
51 44
14 45
15 45
37 45
15 46
16 46
36 46
16 47
17 47
39 47
17 48
18 48
38 48
18 49
19 49
33 49
20 50
33 50
41 50
42 50
22 51
23 51
24 51
35 51
44 51
52 51
24 52
25 52
51 52
25 53
26 53
37 53
26 54
27 54
36 54
27 55
28 55
39 55
28 56
29 56
38 56
29 57
30 57
33 57
30 58
31 58
33 58
41 58
42 58
