123 278
1
1
1
1
1
1
1
1
1
1
1
1
1
1
1
1
1
1
1
1
1
1
1
1
1
1
1
1
1
1
1
1
1
1
1
1
1
1
1
1
1
1
1
1
1
1
1
1
1
1
1
1
1
1
1
1
1
1
1
1
1
1
1
1
1
1
1
1
1
1
1
1
1
1
1
1
1
1
1
1
1
1
1
1
1
1
1
1
1
1
1
1
1
1
1
1
1
1
1
1
1
1
1
1
1
1
1
1
1
1
1
1
1
1
1
1
1
1
1
1
1
1
1
0 1
0 2
0 19
0 20
0 21
1 0
1 2
1 3
1 4
2 0
2 1
2 19
2 32
2 33
3 1
3 5
4 1
4 66
5 3
5 6
6 5
6 71
6 23
6 35
7 8
7 59
8 7
8 9
8 10
8 11
9 8
9 61
10 8
10 25
10 82
11 8
11 37
11 99
12 13
12 26
12 38
12 51
12 52
13 12
13 14
13 15
14 13
14 58
15 13
16 17
16 76
17 16
17 18
18 17
18 84
19 0
19 2
19 44
19 45
20 0
20 22
21 0
21 85
22 20
22 23
23 6
23 22
23 90
23 47
24 25
24 80
25 10
25 24
26 12
26 27
26 28
27 26
27 79
28 26
29 30
29 93
30 29
30 31
31 30
31 101
32 2
32 34
33 2
33 72
34 32
34 35
35 6
35 34
35 106
35 47
36 37
36 97
37 11
37 36
38 12
38 39
38 40
39 38
39 96
40 38
41 42
41 110
42 41
42 43
43 42
43 117
44 19
44 46
45 19
45 107
46 44
46 47
47 23
47 35
47 46
47 122
48 49
48 113
49 48
49 50
50 49
50 115
51 12
51 73
52 12
53 54
53 55
54 53
55 53
55 63
56 57
56 60
57 56
57 58
58 14
58 57
58 73
59 7
59 60
60 56
60 59
61 9
61 62
62 61
62 71
63 55
63 64
64 63
64 65
65 64
65 67
66 4
66 69
66 72
67 65
67 68
68 67
68 70
69 66
69 70
70 68
70 69
71 6
71 62
72 33
72 66
72 85
72 104
72 107
73 51
73 58
73 79
73 96
73 112
74 75
74 76
75 74
76 16
76 74
77 78
77 81
78 77
78 79
79 27
79 73
79 78
80 24
80 81
81 77
81 80
82 10
82 83
83 82
83 90
84 18
84 86
85 21
85 72
85 88
86 84
86 87
87 86
87 89
88 85
88 89
89 87
89 88
90 23
90 83
91 92
91 93
92 91
93 29
93 91
94 95
94 98
95 94
95 96
96 39
96 73
96 95
97 36
97 98
98 94
98 97
99 11
99 100
100 99
100 106
101 31
101 102
102 101
102 103
103 102
103 105
104 72
104 105
105 103
105 104
106 35
106 100
107 45
107 72
107 120
108 109
108 110
109 108
110 41
110 108
111 112
111 114
112 73
112 111
113 48
113 114
114 111
114 113
115 50
115 116
116 115
116 122
117 43
117 118
118 117
118 119
119 118
119 121
120 107
120 121
121 119
121 120
122 47
122 116
