62 208
1
1
1
1
1
1
1
1
1
1
1
1
1
1
1
1
1
1
1
1
1
1
1
1
1
1
1
1
1
1
1
1
1
1
1
1
1
1
1
1
1
1
1
1
1
1
1
1
1
1
1
1
1
1
1
1
1
1
1
1
1
1
0 1
0 25
0 39
0 2
0 40
0 3
1 0
1 2
1 3
2 0
2 1
2 25
2 26
3 0
3 1
3 25
3 26
4 5
4 27
4 41
4 42
5 4
5 6
5 7
6 5
6 27
6 43
6 45
7 5
7 27
7 41
7 42
8 9
8 48
9 8
9 10
9 11
9 12
10 9
10 29
10 44
10 11
11 9
11 10
11 29
12 9
12 29
12 46
12 31
13 14
13 17
13 18
14 13
14 15
14 16
15 14
15 33
15 52
15 16
15 35
16 14
16 15
16 33
16 34
17 13
17 32
17 53
17 54
18 13
18 32
18 53
18 54
19 20
19 23
19 24
20 19
20 21
20 22
21 20
21 37
21 47
21 22
21 23
21 24
22 20
22 21
22 37
22 23
22 24
23 19
23 21
23 22
23 24
24 19
24 21
24 22
24 23
24 36
25 0
25 2
25 3
25 26
26 2
26 3
26 25
26 39
26 40
27 4
27 6
27 7
27 28
28 27
28 43
28 45
29 10
29 11
29 12
29 30
29 31
30 29
30 57
31 12
31 29
32 17
32 18
32 33
33 15
33 16
33 32
33 34
33 35
34 16
34 33
34 61
34 35
35 15
35 33
35 34
36 24
36 37
37 21
37 22
37 36
37 38
38 37
38 56
39 0
39 26
39 41
40 0
40 26
40 42
41 4
41 7
41 39
42 4
42 7
42 40
43 6
43 28
43 44
43 46
44 10
44 43
44 45
45 6
45 28
45 44
45 46
46 12
46 43
46 45
47 21
47 53
47 54
48 8
48 49
49 48
49 50
50 49
50 51
51 50
51 52
52 15
52 51
53 17
53 18
53 47
53 55
54 17
54 18
54 47
54 55
55 53
55 54
55 56
56 38
56 55
57 30
57 58
58 57
58 59
59 58
59 60
60 59
60 61
61 34
61 60
