66 240
1
1
1
1
1
1
1
1
1
1
1
1
1
1
1
1
1
1
1
1
1
1
1
1
1
1
1
1
1
1
1
1
1
1
1
1
1
1
1
1
1
1
1
1
1
1
1
1
1
1
1
1
1
1
1
1
1
1
1
1
1
1
1
1
1
1
0 1
0 24
0 37
0 45
1 0
1 2
1 3
2 1
2 24
2 37
2 45
2 54
3 1
3 37
3 45
3 55
4 5
4 26
4 38
4 50
4 56
4 57
5 4
5 6
5 7
6 5
6 38
6 8
6 11
6 12
7 5
7 26
7 50
7 56
8 6
8 9
8 25
8 27
8 28
8 40
9 8
9 10
9 11
9 12
10 9
10 53
10 62
10 63
11 6
11 9
11 25
11 28
12 6
12 9
12 27
12 40
13 14
13 30
13 42
13 51
13 60
13 61
14 13
14 15
14 16
14 17
15 14
15 22
15 23
15 44
16 14
16 30
16 60
17 14
17 42
17 61
18 19
18 20
19 18
19 20
19 21
19 22
19 23
20 18
20 19
20 21
21 19
21 20
21 35
21 36
22 15
22 19
22 31
22 43
23 15
23 19
23 33
23 31
24 0
24 2
25 8
25 11
25 26
25 29
26 4
26 7
26 25
26 27
26 28
27 8
27 12
27 26
27 38
27 41
28 8
28 11
28 26
29 25
29 53
29 62
30 13
30 16
30 31
31 22
31 23
31 30
32 33
32 34
32 35
32 36
33 23
33 32
33 34
34 32
34 33
34 35
35 21
35 32
35 34
35 36
35 44
36 21
36 32
36 35
37 0
37 2
37 3
38 4
38 6
38 27
38 39
38 40
39 38
39 50
39 57
40 8
40 12
40 38
41 27
41 53
41 63
42 13
42 17
42 43
43 22
43 42
43 44
44 15
44 35
44 43
45 0
45 2
45 3
45 46
45 47
45 48
46 45
46 49
46 54
46 55
47 45
47 54
47 58
48 45
48 55
48 59
49 46
49 50
50 4
50 7
50 39
50 49
50 58
50 59
51 13
51 52
52 51
52 53
53 10
53 29
53 41
53 52
53 64
53 65
53 63
54 2
54 46
54 47
55 3
55 46
55 48
56 4
56 7
57 4
57 39
58 47
58 50
59 48
59 50
60 13
60 16
60 64
61 13
61 17
61 65
62 10
62 29
62 64
62 63
63 10
63 41
63 53
63 62
63 65
64 53
64 60
64 62
65 53
65 61
65 63
