256
0 21
21 0
0 38
38 0
0 53
53 0
0 59
59 0
0 85
85 0
0 118
118 0
0 119
119 0
0 121
121 0
0 138
138 0
1 10
10 1
1 29
29 1
1 42
42 1
1 110
110 1
1 129
129 1
1 190
190 1
1 197
197 1
1 208
208 1
1 212
212 1
1 218
218 1
1 227
227 1
1 246
246 1
1 252
252 1
2 10
10 2
2 38
38 2
2 70
70 2
2 74
74 2
2 169
169 2
2 192
192 2
2 220
220 2
2 241
241 2
3 131
131 3
3 152
152 3
3 177
177 3
3 185
185 3
3 237
237 3
4 42
42 4
4 67
67 4
4 87
87 4
4 96
96 4
4 101
101 4
4 111
111 4
4 137
137 4
4 185
185 4
4 208
208 4
4 216
216 4
5 20
20 5
5 45
45 5
5 51
51 5
5 111
111 5
5 129
129 5
5 137
137 5
5 166
166 5
5 175
175 5
5 176
176 5
5 202
202 5
5 212
212 5
5 222
222 5
5 223
223 5
6 42
42 6
6 119
119 6
6 124
124 6
6 156
156 6
6 215
215 6
6 250
250 6
7 12
12 7
7 14
14 7
7 88
88 7
7 108
108 7
7 130
130 7
7 146
146 7
7 152
152 7
7 158
158 7
7 164
164 7
7 168
168 7
7 178
178 7
7 203
203 7
7 222
222 7
8 10
10 8
8 77
77 8
8 85
85 8
8 145
145 8
8 186
186 8
8 227
227 8
9 19
19 9
9 22
22 9
9 35
35 9
9 55
55 9
9 82
82 9
9 121
121 9
9 132
132 9
9 174
174 9
9 177
177 9
9 203
203 9
9 206
206 9
10 20
20 10
10 27
27 10
10 40
40 10
10 161
161 10
10 194
194 10
10 196
196 10
10 251
251 10
11 43
43 11
11 69
69 11
11 82
82 11
11 113
113 11
11 145
145 11
11 167
167 11
11 173
173 11
11 180
180 11
11 188
188 11
11 193
193 11
11 204
204 11
12 15
15 12
12 29
29 12
12 31
31 12
12 54
54 12
12 55
55 12
12 69
69 12
12 81
81 12
12 82
82 12
12 111
111 12
12 128
128 12
12 148
148 12
12 156
156 12
12 161
161 12
12 172
172 12
12 179
179 12
12 181
181 12
12 201
201 12
12 202
202 12
12 226
226 12
13 28
28 13
13 90
90 13
13 97
97 13
13 99
99 13
13 105
105 13
13 114
114 13
13 133
133 13
13 150
150 13
13 183
183 13
13 194
194 13
13 217
217 13
13 223
223 13
13 241
241 13
13 249
249 13
14 22
22 14
14 29
29 14
14 82
82 14
14 143
143 14
15 17
17 15
15 45
45 15
15 98
98 15
15 118
118 15
15 119
119 15
15 126
126 15
15 139
139 15
15 171
171 15
15 209
209 15
15 212
212 15
15 240
240 15
15 246
246 15
16 31
31 16
16 36
36 16
16 123
123 16
16 135
135 16
16 138
138 16
16 156
156 16
16 195
195 16
16 204
204 16
16 220
220 16
16 231
231 16
17 35
35 17
17 100
100 17
17 134
134 17
17 136
136 17
17 165
165 17
17 247
247 17
18 49
49 18
18 68
68 18
18 70
70 18
18 73
73 18
18 80
80 18
18 92
92 18
18 102
102 18
18 114
114 18
18 200
200 18
18 248
248 18
19 37
37 19
19 127
127 19
19 131
131 19
19 133
133 19
19 149
149 19
19 157
157 19
19 175
175 19
19 196
196 19
19 212
212 19
19 248
248 19
20 56
56 20
20 111
111 20
20 130
130 20
20 139
139 20
20 169
169 20
20 176
176 20
20 191
191 20
20 208
208 20
20 253
253 20
21 61
61 21
21 70
70 21
21 123
123 21
21 199
199 21
21 236
236 21
22 31
31 22
22 56
56 22
22 64
64 22
22 113
113 22
22 132
132 22
22 154
154 22
22 156
156 22
22 171
171 22
22 225
225 22
22 235
235 22
23 27
27 23
23 60
60 23
23 62
62 23
23 63
63 23
23 93
93 23
23 135
135 23
23 137
137 23
23 164
164 23
23 234
234 23
24 39
39 24
24 41
41 24
24 93
93 24
24 108
108 24
24 152
152 24
24 187
187 24
24 191
191 24
24 220
220 24
25 42
42 25
25 43
43 25
25 87
87 25
25 122
122 25
25 176
176 25
25 214
214 25
25 219
219 25
25 237
237 25
26 29
29 26
26 60
60 26
26 89
89 26
26 99
99 26
26 103
103 26
26 104
104 26
26 134
134 26
26 138
138 26
26 233
233 26
27 39
39 27
27 47
47 27
27 63
63 27
27 92
92 27
27 93
93 27
27 109
109 27
27 129
129 27
27 180
180 27
27 192
192 27
27 203
203 27
27 214
214 27
27 220
220 27
27 226
226 27
27 244
244 27
28 31
31 28
28 46
46 28
28 70
70 28
28 79
79 28
28 111
111 28
28 138
138 28
28 170
170 28
28 187
187 28
28 192
192 28
28 236
236 28
29 53
53 29
29 77
77 29
29 116
116 29
29 144
144 29
29 157
157 29
29 174
174 29
29 178
178 29
29 192
192 29
29 210
210 29
29 216
216 29
29 224
224 29
30 36
36 30
30 45
45 30
30 47
47 30
30 59
59 30
30 74
74 30
30 87
87 30
30 149
149 30
30 151
151 30
30 167
167 30
30 172
172 30
30 209
209 30
30 252
252 30
31 38
38 31
31 55
55 31
31 76
76 31
31 112
112 31
31 126
126 31
31 190
190 31
31 204
204 31
31 225
225 31
31 233
233 31
31 240
240 31
31 251
251 31
32 38
38 32
32 43
43 32
32 61
61 32
32 74
74 32
32 152
152 32
32 163
163 32
32 180
180 32
32 183
183 32
32 184
184 32
32 203
203 32
32 235
235 32
33 34
34 33
33 56
56 33
33 64
64 33
33 79
79 33
33 125
125 33
33 173
173 33
33 193
193 33
34 42
42 34
34 63
63 34
34 67
67 34
34 99
99 34
34 115
115 34
34 184
184 34
34 196
196 34
35 47
47 35
35 72
72 35
35 85
85 35
35 89
89 35
35 127
127 35
35 141
141 35
35 161
161 35
35 188
188 35
35 203
203 35
35 229
229 35
35 239
239 35
35 241
241 35
36 191
191 36
37 60
60 37
37 112
112 37
37 115
115 37
37 152
152 37
37 155
155 37
37 206
206 37
37 248
248 37
38 40
40 38
38 58
58 38
38 67
67 38
38 122
122 38
38 153
153 38
38 186
186 38
38 196
196 38
38 209
209 38
38 222
222 38
39 70
70 39
39 71
71 39
39 97
97 39
39 119
119 39
39 151
151 39
39 164
164 39
39 165
165 39
39 178
178 39
39 188
188 39
39 213
213 39
39 226
226 39
40 55
55 40
40 124
124 40
40 143
143 40
40 160
160 40
40 161
161 40
40 171
171 40
40 174
174 40
40 191
191 40
40 201
201 40
40 205
205 40
40 224
224 40
40 235
235 40
40 250
250 40
41 63
63 41
41 71
71 41
41 139
139 41
41 213
213 41
41 228
228 41
42 50
50 42
42 73
73 42
42 87
87 42
42 114
114 42
42 145
145 42
42 176
176 42
42 214
214 42
42 253
253 42
43 83
83 43
43 94
94 43
43 114
114 43
43 167
167 43
43 213
213 43
43 254
254 43
44 55
55 44
44 90
90 44
44 104
104 44
44 122
122 44
44 125
125 44
44 129
129 44
44 146
146 44
44 147
147 44
44 149
149 44
44 153
153 44
44 161
161 44
44 254
254 44
45 107
107 45
45 139
139 45
45 147
147 45
45 195
195 45
45 222
222 45
45 237
237 45
46 119
119 46
46 182
182 46
46 191
191 46
46 236
236 46
46 247
247 46
47 86
86 47
47 103
103 47
47 106
106 47
47 116
116 47
47 122
122 47
47 129
129 47
47 151
151 47
47 200
200 47
47 217
217 47
47 224
224 47
47 238
238 47
47 239
239 47
47 241
241 47
47 255
255 47
48 55
55 48
48 62
62 48
48 113
113 48
48 119
119 48
48 152
152 48
48 153
153 48
48 246
246 48
49 60
60 49
49 76
76 49
49 109
109 49
49 113
113 49
49 124
124 49
49 125
125 49
49 132
132 49
49 136
136 49
49 138
138 49
49 163
163 49
49 177
177 49
49 199
199 49
49 225
225 49
49 250
250 49
50 56
56 50
50 69
69 50
50 91
91 50
50 117
117 50
50 124
124 50
50 141
141 50
50 164
164 50
50 177
177 50
50 180
180 50
50 198
198 50
50 203
203 50
50 212
212 50
50 220
220 50
50 230
230 50
50 233
233 50
51 58
58 51
51 60
60 51
51 84
84 51
51 132
132 51
51 148
148 51
51 201
201 51
51 204
204 51
52 85
85 52
52 130
130 52
52 132
132 52
52 171
171 52
52 187
187 52
52 192
192 52
52 196
196 52
53 66
66 53
53 87
87 53
53 94
94 53
53 130
130 53
53 134
134 53
53 153
153 53
53 164
164 53
53 193
193 53
53 197
197 53
53 202
202 53
53 213
213 53
53 235
235 53
54 61
61 54
54 86
86 54
54 103
103 54
54 107
107 54
54 129
129 54
54 144
144 54
54 199
199 54
54 222
222 54
54 228
228 54
54 242
242 54
54 252
252 54
55 65
65 55
55 72
72 55
55 73
73 55
55 78
78 55
55 82
82 55
55 167
167 55
55 177
177 55
55 191
191 55
55 197
197 55
55 244
244 55
56 99
99 56
56 146
146 56
56 189
189 56
56 226
226 56
56 248
248 56
57 62
62 57
57 92
92 57
57 124
124 57
57 146
146 57
57 174
174 57
57 181
181 57
57 236
236 57
57 254
254 57
58 78
78 58
58 118
118 58
58 137
137 58
58 158
158 58
58 170
170 58
58 236
236 58
58 245
245 58
59 67
67 59
59 125
125 59
59 127
127 59
59 141
141 59
59 170
170 59
59 234
234 59
59 236
236 59
60 78
78 60
60 124
124 60
60 139
139 60
60 146
146 60
60 163
163 60
60 173
173 60
60 201
201 60
60 237
237 60
61 81
81 61
61 101
101 61
61 143
143 61
61 149
149 61
61 174
174 61
61 181
181 61
61 191
191 61
61 242
242 61
62 68
68 62
62 76
76 62
62 93
93 62
62 113
113 62
62 126
126 62
62 189
189 62
62 234
234 62
62 239
239 62
62 245
245 62
62 248
248 62
62 250
250 62
62 254
254 62
63 72
72 63
63 100
100 63
63 114
114 63
63 165
165 63
63 177
177 63
63 201
201 63
63 209
209 63
63 213
213 63
63 250
250 63
64 66
66 64
64 82
82 64
64 89
89 64
64 99
99 64
64 102
102 64
64 108
108 64
64 118
118 64
64 127
127 64
64 128
128 64
64 131
131 64
64 202
202 64
64 246
246 64
65 76
76 65
65 77
77 65
65 83
83 65
65 92
92 65
65 110
110 65
65 111
111 65
65 170
170 65
65 179
179 65
65 219
219 65
66 90
90 66
66 102
102 66
66 113
113 66
66 119
119 66
66 163
163 66
66 209
209 66
66 235
235 66
66 252
252 66
67 73
73 67
67 81
81 67
67 94
94 67
67 109
109 67
67 119
119 67
67 139
139 67
67 152
152 67
67 156
156 67
67 166
166 67
67 167
167 67
67 173
173 67
67 208
208 67
68 97
97 68
68 98
98 68
68 214
214 68
68 228
228 68
68 243
243 68
69 102
102 69
69 105
105 69
69 121
121 69
69 149
149 69
69 185
185 69
69 197
197 69
70 139
139 70
70 142
142 70
70 158
158 70
70 168
168 70
70 175
175 70
70 179
179 70
70 182
182 70
70 198
198 70
70 213
213 70
70 220
220 70
70 236
236 70
70 247
247 70
71 91
91 71
71 117
117 71
71 130
130 71
71 136
136 71
71 145
145 71
71 146
146 71
71 153
153 71
71 159
159 71
71 170
170 71
71 174
174 71
71 191
191 71
71 204
204 71
71 247
247 71
72 81
81 72
72 86
86 72
72 94
94 72
72 99
99 72
72 120
120 72
72 171
171 72
72 228
228 72
72 240
240 72
73 85
85 73
73 90
90 73
73 136
136 73
73 174
174 73
73 203
203 73
74 98
98 74
74 122
122 74
74 129
129 74
74 148
148 74
74 168
168 74
74 187
187 74
74 208
208 74
75 111
111 75
75 124
124 75
75 156
156 75
75 167
167 75
75 184
184 75
75 186
186 75
75 193
193 75
75 216
216 75
75 234
234 75
75 245
245 75
76 85
85 76
76 94
94 76
76 113
113 76
76 138
138 76
76 141
141 76
76 150
150 76
76 183
183 76
77 117
117 77
77 126
126 77
77 134
134 77
77 213
213 77
77 226
226 77
77 230
230 77
78 87
87 78
78 96
96 78
78 146
146 78
78 150
150 78
78 165
165 78
78 170
170 78
78 237
237 78
78 241
241 78
79 80
80 79
79 86
86 79
79 132
132 79
79 134
134 79
79 168
168 79
79 175
175 79
79 193
193 79
79 197
197 79
79 211
211 79
79 225
225 79
79 246
246 79
80 93
93 80
80 96
96 80
80 161
161 80
80 169
169 80
80 180
180 80
80 186
186 80
80 201
201 80
80 236
236 80
80 245
245 80
81 102
102 81
81 111
111 81
81 127
127 81
81 150
150 81
81 163
163 81
81 169
169 81
81 179
179 81
81 187
187 81
81 196
196 81
81 201
201 81
81 207
207 81
81 235
235 81
81 251
251 81
82 87
87 82
82 95
95 82
82 144
144 82
82 166
166 82
82 237
237 82
83 91
91 83
83 94
94 83
83 121
121 83
83 129
129 83
83 140
140 83
83 245
245 83
84 90
90 84
84 112
112 84
84 210
210 84
84 220
220 84
84 235
235 84
84 236
236 84
85 90
90 85
85 94
94 85
85 138
138 85
85 139
139 85
85 145
145 85
85 164
164 85
85 166
166 85
85 173
173 85
85 174
174 85
85 187
187 85
85 222
222 85
85 229
229 85
85 232
232 85
85 239
239 85
86 109
109 86
86 118
118 86
86 158
158 86
86 204
204 86
86 216
216 86
86 234
234 86
87 95
95 87
87 115
115 87
87 132
132 87
87 146
146 87
87 216
216 87
88 94
94 88
88 98
98 88
88 107
107 88
88 125
125 88
88 151
151 88
88 174
174 88
88 197
197 88
88 217
217 88
89 105
105 89
89 120
120 89
89 123
123 89
89 128
128 89
89 148
148 89
89 157
157 89
89 161
161 89
89 181
181 89
89 235
235 89
90 93
93 90
90 103
103 90
90 113
113 90
90 117
117 90
90 140
140 90
90 176
176 90
90 214
214 90
90 229
229 90
91 93
93 91
91 130
130 91
91 193
193 91
91 220
220 91
91 238
238 91
92 100
100 92
92 105
105 92
92 118
118 92
92 126
126 92
92 218
218 92
92 245
245 92
92 252
252 92
93 226
226 93
94 98
98 94
94 108
108 94
94 114
114 94
94 149
149 94
94 164
164 94
94 201
201 94
94 213
213 94
94 230
230 94
94 251
251 94
95 164
164 95
95 224
224 95
96 113
113 96
96 155
155 96
96 163
163 96
96 177
177 96
97 105
105 97
97 149
149 97
97 161
161 97
97 183
183 97
97 186
186 97
97 208
208 97
97 227
227 97
97 230
230 97
98 102
102 98
98 115
115 98
98 150
150 98
98 171
171 98
98 209
209 98
98 231
231 98
98 244
244 98
99 112
112 99
99 142
142 99
99 158
158 99
99 161
161 99
99 189
189 99
99 194
194 99
99 206
206 99
99 249
249 99
100 212
212 100
100 238
238 100
100 240
240 100
100 241
241 100
101 148
148 101
101 172
172 101
101 212
212 101
101 222
222 101
101 239
239 101
102 109
109 102
102 119
119 102
102 123
123 102
102 138
138 102
102 144
144 102
102 157
157 102
102 188
188 102
102 224
224 102
102 226
226 102
102 232
232 102
102 249
249 102
102 255
255 102
103 130
130 103
103 171
171 103
103 178
178 103
103 189
189 103
103 204
204 103
103 224
224 103
103 227
227 103
103 230
230 103
104 132
132 104
104 178
178 104
104 207
207 104
104 214
214 104
104 221
221 104
104 248
248 104
104 252
252 104
105 147
147 105
105 151
151 105
105 188
188 105
105 197
197 105
105 249
249 105
106 140
140 106
106 147
147 106
106 174
174 106
107 112
112 107
107 114
114 107
107 124
124 107
107 127
127 107
107 131
131 107
107 144
144 107
107 177
177 107
107 191
191 107
107 192
192 107
107 203
203 107
108 228
228 108
108 250
250 108
109 197
197 109
109 247
247 109
110 116
116 110
110 169
169 110
110 193
193 110
110 212
212 110
110 251
251 110
111 154
154 111
111 175
175 111
111 187
187 111
111 197
197 111
111 211
211 111
111 218
218 111
111 235
235 111
112 131
131 112
112 143
143 112
112 237
237 112
112 246
246 112
113 117
117 113
113 165
165 113
113 167
167 113
113 180
180 113
114 172
172 114
114 179
179 114
114 231
231 114
114 241
241 114
114 246
246 114
115 119
119 115
115 162
162 115
115 191
191 115
115 219
219 115
115 248
248 115
116 130
130 116
116 135
135 116
116 144
144 116
116 155
155 116
116 176
176 116
116 181
181 116
116 233
233 116
117 173
173 117
117 175
175 117
117 207
207 117
117 211
211 117
117 223
223 117
117 250
250 117
118 167
167 118
118 187
187 118
118 207
207 118
118 215
215 118
118 251
251 118
119 130
130 119
119 144
144 119
119 170
170 119
119 240
240 119
119 254
254 119
120 123
123 120
120 127
127 120
120 149
149 120
120 158
158 120
120 213
213 120
121 128
128 121
121 136
136 121
121 154
154 121
121 201
201 121
121 213
213 121
121 234
234 121
121 237
237 121
122 173
173 122
122 184
184 122
123 146
146 123
123 214
214 123
123 251
251 123
124 164
164 124
124 247
247 124
125 218
218 125
127 148
148 127
127 162
162 127
127 176
176 127
127 192
192 127
127 219
219 127
127 240
240 127
127 255
255 127
128 137
137 128
128 149
149 128
128 182
182 128
128 185
185 128
128 195
195 128
128 253
253 128
128 255
255 128
129 137
137 129
129 166
166 129
129 192
192 129
129 199
199 129
129 202
202 129
129 226
226 129
129 253
253 129
130 136
136 130
130 153
153 130
130 154
154 130
130 179
179 130
130 204
204 130
131 177
177 131
131 184
184 131
131 186
186 131
131 251
251 131
131 252
252 131
132 147
147 132
132 155
155 132
132 181
181 132
132 203
203 132
132 212
212 132
132 255
255 132
133 141
141 133
133 145
145 133
133 173
173 133
133 204
204 133
133 224
224 133
133 230
230 133
133 246
246 133
133 248
248 133
133 249
249 133
134 163
163 134
134 170
170 134
134 205
205 134
134 214
214 134
134 239
239 134
134 254
254 134
135 156
156 135
135 209
209 135
135 218
218 135
135 219
219 135
135 231
231 135
136 156
156 136
136 163
163 136
136 197
197 136
136 200
200 136
136 203
203 136
136 246
246 136
137 157
157 137
137 229
229 137
138 148
148 138
138 150
150 138
138 220
220 138
138 238
238 138
139 147
147 139
139 188
188 139
139 217
217 139
140 171
171 140
140 187
187 140
140 197
197 140
140 212
212 140
140 223
223 140
140 245
245 140
141 187
187 141
141 226
226 141
141 228
228 141
141 232
232 141
142 153
153 142
142 167
167 142
143 158
158 143
143 220
220 143
143 223
223 143
143 226
226 143
143 239
239 143
144 149
149 144
144 190
190 144
144 215
215 144
144 217
217 144
144 248
248 144
145 146
146 145
145 167
167 145
145 220
220 145
145 221
221 145
145 227
227 145
146 185
185 146
146 195
195 146
146 221
221 146
146 231
231 146
146 240
240 146
147 163
163 147
147 166
166 147
147 200
200 147
147 254
254 147
147 255
255 147
148 169
169 148
148 185
185 148
148 189
189 148
148 205
205 148
148 233
233 148
148 245
245 148
148 247
247 148
149 175
175 149
149 206
206 149
149 255
255 149
150 167
167 150
150 186
186 150
150 188
188 150
150 191
191 150
150 242
242 150
151 200
200 151
151 242
242 151
152 164
164 152
152 182
182 152
152 190
190 152
152 246
246 152
153 208
208 153
153 221
221 153
153 226
226 153
153 246
246 153
154 189
189 154
154 229
229 154
154 238
238 154
154 243
243 154
155 195
195 155
155 199
199 155
155 225
225 155
155 252
252 155
156 182
182 156
156 201
201 156
156 231
231 156
157 169
169 157
157 178
178 157
157 199
199 157
157 207
207 157
157 209
209 157
157 214
214 157
159 174
174 159
159 192
192 159
159 208
208 159
159 232
232 159
159 254
254 159
160 183
183 160
160 208
208 160
160 227
227 160
160 229
229 160
160 233
233 160
161 180
180 161
161 200
200 161
161 208
208 161
161 211
211 161
161 212
212 161
163 203
203 163
164 175
175 164
164 180
180 164
164 207
207 164
164 250
250 164
166 191
191 166
166 218
218 166
166 223
223 166
167 186
186 167
167 248
248 167
168 170
170 168
168 220
220 168
168 223
223 168
168 232
232 168
168 246
246 168
169 226
226 169
170 205
205 170
170 223
223 170
170 236
236 170
170 244
244 170
170 251
251 170
171 173
173 171
171 245
245 171
172 197
197 172
172 252
252 172
172 253
253 172
173 208
208 173
173 249
249 173
174 182
182 174
174 183
183 174
174 202
202 174
174 224
224 174
174 239
239 174
175 176
176 175
175 178
178 175
175 181
181 175
175 188
188 175
175 228
228 175
176 227
227 176
177 183
183 177
177 217
217 177
177 218
218 177
177 239
239 177
178 226
226 178
178 231
231 178
178 235
235 178
179 181
181 179
180 198
198 180
180 214
214 180
180 215
215 180
180 217
217 180
181 198
198 181
181 226
226 181
181 233
233 181
181 248
248 181
182 185
185 182
182 200
200 182
183 190
190 183
183 204
204 183
183 221
221 183
183 240
240 183
184 185
185 184
184 194
194 184
184 233
233 184
184 245
245 184
185 189
189 185
185 220
220 185
185 237
237 185
185 246
246 185
186 196
196 186
186 243
243 186
186 250
250 186
187 211
211 187
187 237
237 187
187 244
244 187
188 197
197 188
188 232
232 188
188 245
245 188
188 248
248 188
189 223
223 189
189 239
239 189
189 241
241 189
190 204
204 190
190 212
212 190
191 197
197 191
191 246
246 191
193 231
231 193
193 233
233 193
193 247
247 193
195 211
211 195
195 216
216 195
195 240
240 195
196 220
220 196
197 198
198 197
197 202
202 197
197 217
217 197
197 224
224 197
197 244
244 197
198 209
209 198
198 220
220 198
199 211
211 199
199 216
216 199
199 230
230 199
199 251
251 199
200 203
203 200
200 204
204 200
200 214
214 200
200 255
255 200
201 217
217 201
201 218
218 201
202 253
253 202
204 233
233 204
204 246
246 204
204 248
248 204
204 252
252 204
205 209
209 205
205 231
231 205
205 249
249 205
205 255
255 205
206 233
233 206
207 212
212 207
208 243
243 208
209 214
214 209
209 248
248 209
210 215
215 210
210 229
229 210
210 241
241 210
210 244
244 210
211 243
243 211
213 225
225 213
213 241
241 213
214 246
246 214
214 252
252 214
217 233
233 217
217 253
253 217
219 234
234 219
219 241
241 219
221 227
227 221
221 237
237 221
222 248
248 222
223 226
226 223
225 236
236 225
226 236
236 226
227 229
229 227
227 254
254 227
228 236
236 228
228 241
241 228
229 233
233 229
229 237
237 229
229 253
253 229
229 255
255 229
230 248
248 230
231 249
249 231
233 255
255 233
237 250
250 237
240 242
242 240
243 248
248 243
245 247
247 245
