256
0 11
11 0
0 16
16 0
0 26
26 0
0 48
48 0
0 53
53 0
0 57
57 0
0 71
71 0
0 79
79 0
0 80
80 0
0 86
86 0
0 96
96 0
0 106
106 0
0 112
112 0
0 129
129 0
0 139
139 0
0 155
155 0
0 163
163 0
0 184
184 0
0 186
186 0
0 211
211 0
0 213
213 0
0 220
220 0
0 226
226 0
0 228
228 0
0 247
247 0
1 9
9 1
1 21
21 1
1 24
24 1
1 32
32 1
1 48
48 1
1 54
54 1
1 56
56 1
1 64
64 1
1 90
90 1
1 94
94 1
1 97
97 1
1 101
101 1
1 110
110 1
1 135
135 1
1 138
138 1
1 139
139 1
1 154
154 1
1 155
155 1
1 157
157 1
1 159
159 1
1 174
174 1
1 191
191 1
1 216
216 1
1 231
231 1
1 249
249 1
1 250
250 1
1 254
254 1
2 14
14 2
2 21
21 2
2 27
27 2
2 31
31 2
2 48
48 2
2 84
84 2
2 106
106 2
2 120
120 2
2 123
123 2
2 126
126 2
2 160
160 2
2 206
206 2
2 207
207 2
2 210
210 2
2 211
211 2
2 219
219 2
2 242
242 2
2 244
244 2
2 245
245 2
2 255
255 2
3 8
8 3
3 31
31 3
3 47
47 3
3 52
52 3
3 55
55 3
3 67
67 3
3 69
69 3
3 83
83 3
3 85
85 3
3 91
91 3
3 98
98 3
3 110
110 3
3 120
120 3
3 124
124 3
3 137
137 3
3 143
143 3
3 153
153 3
3 167
167 3
3 173
173 3
3 189
189 3
3 232
232 3
3 234
234 3
3 241
241 3
3 243
243 3
3 244
244 3
3 246
246 3
3 247
247 3
4 13
13 4
4 24
24 4
4 28
28 4
4 34
34 4
4 52
52 4
4 98
98 4
4 120
120 4
4 123
123 4
4 126
126 4
4 134
134 4
4 147
147 4
4 149
149 4
4 155
155 4
4 177
177 4
4 180
180 4
4 189
189 4
4 194
194 4
4 202
202 4
4 204
204 4
4 206
206 4
4 228
228 4
4 245
245 4
4 248
248 4
4 250
250 4
5 14
14 5
5 20
20 5
5 35
35 5
5 36
36 5
5 37
37 5
5 41
41 5
5 42
42 5
5 72
72 5
5 86
86 5
5 100
100 5
5 103
103 5
5 114
114 5
5 116
116 5
5 127
127 5
5 128
128 5
5 142
142 5
5 153
153 5
5 156
156 5
5 158
158 5
5 162
162 5
5 175
175 5
5 178
178 5
5 204
204 5
5 210
210 5
5 217
217 5
5 223
223 5
5 230
230 5
5 243
243 5
5 249
249 5
6 23
23 6
6 25
25 6
6 43
43 6
6 65
65 6
6 69
69 6
6 76
76 6
6 83
83 6
6 94
94 6
6 100
100 6
6 110
110 6
6 111
111 6
6 122
122 6
6 129
129 6
6 150
150 6
6 154
154 6
6 155
155 6
6 159
159 6
6 162
162 6
6 184
184 6
6 209
209 6
6 213
213 6
6 218
218 6
6 222
222 6
6 242
242 6
6 251
251 6
7 17
17 7
7 18
18 7
7 19
19 7
7 26
26 7
7 59
59 7
7 60
60 7
7 69
69 7
7 84
84 7
7 93
93 7
7 105
105 7
7 118
118 7
7 139
139 7
7 148
148 7
7 152
152 7
7 155
155 7
7 195
195 7
7 245
245 7
7 251
251 7
8 26
26 8
8 41
41 8
8 44
44 8
8 45
45 8
8 47
47 8
8 54
54 8
8 55
55 8
8 67
67 8
8 72
72 8
8 89
89 8
8 98
98 8
8 103
103 8
8 125
125 8
8 134
134 8
8 137
137 8
8 149
149 8
8 153
153 8
8 154
154 8
8 173
173 8
8 187
187 8
8 190
190 8
8 192
192 8
8 234
234 8
8 236
236 8
8 238
238 8
8 239
239 8
9 11
11 9
9 52
52 9
9 60
60 9
9 61
61 9
9 75
75 9
9 82
82 9
9 98
98 9
9 109
109 9
9 121
121 9
9 122
122 9
9 149
149 9
9 151
151 9
9 168
168 9
9 173
173 9
9 178
178 9
9 216
216 9
9 225
225 9
9 227
227 9
9 233
233 9
9 239
239 9
9 253
253 9
10 49
49 10
10 50
50 10
10 53
53 10
10 57
57 10
10 58
58 10
10 99
99 10
10 129
129 10
10 130
130 10
10 138
138 10
10 139
139 10
10 161
161 10
10 167
167 10
10 180
180 10
10 210
210 10
10 221
221 10
10 226
226 10
10 230
230 10
11 29
29 11
11 51
51 11
11 71
71 11
11 72
72 11
11 92
92 11
11 99
99 11
11 104
104 11
11 108
108 11
11 117
117 11
11 138
138 11
11 150
150 11
11 161
161 11
11 162
162 11
11 163
163 11
11 164
164 11
11 169
169 11
11 189
189 11
11 201
201 11
11 220
220 11
11 238
238 11
11 239
239 11
11 247
247 11
12 21
21 12
12 29
29 12
12 35
35 12
12 37
37 12
12 41
41 12
12 42
42 12
12 46
46 12
12 48
48 12
12 110
110 12
12 112
112 12
12 114
114 12
12 116
116 12
12 144
144 12
12 168
168 12
12 181
181 12
12 198
198 12
12 199
199 12
12 201
201 12
12 211
211 12
12 219
219 12
12 223
223 12
12 231
231 12
12 233
233 12
12 235
235 12
12 243
243 12
12 250
250 12
13 28
28 13
13 30
30 13
13 31
31 13
13 36
36 13
13 43
43 13
13 53
53 13
13 61
61 13
13 80
80 13
13 87
87 13
13 100
100 13
13 102
102 13
13 111
111 13
13 129
129 13
13 133
133 13
13 134
134 13
13 142
142 13
13 148
148 13
13 150
150 13
13 163
163 13
13 167
167 13
13 168
168 13
13 182
182 13
13 183
183 13
13 196
196 13
13 223
223 13
13 231
231 13
13 239
239 13
13 240
240 13
13 242
242 13
13 246
246 13
14 33
33 14
14 44
44 14
14 71
71 14
14 88
88 14
14 90
90 14
14 92
92 14
14 105
105 14
14 140
140 14
14 183
183 14
14 185
185 14
14 206
206 14
14 208
208 14
14 210
210 14
14 224
224 14
14 234
234 14
14 238
238 14
14 248
248 14
15 45
45 15
15 53
53 15
15 55
55 15
15 84
84 15
15 98
98 15
15 115
115 15
15 116
116 15
15 123
123 15
15 125
125 15
15 145
145 15
15 148
148 15
15 159
159 15
15 196
196 15
15 224
224 15
15 229
229 15
15 241
241 15
15 243
243 15
15 251
251 15
15 252
252 15
16 25
25 16
16 31
31 16
16 41
41 16
16 69
69 16
16 79
79 16
16 84
84 16
16 85
85 16
16 98
98 16
16 108
108 16
16 117
117 16
16 121
121 16
16 123
123 16
16 126
126 16
16 135
135 16
16 156
156 16
16 162
162 16
16 169
169 16
16 170
170 16
16 171
171 16
16 195
195 16
16 205
205 16
16 209
209 16
16 224
224 16
16 246
246 16
16 255
255 16
17 36
36 17
17 41
41 17
17 42
42 17
17 54
54 17
17 60
60 17
17 69
69 17
17 74
74 17
17 81
81 17
17 87
87 17
17 91
91 17
17 98
98 17
17 114
114 17
17 121
121 17
17 138
138 17
17 151
151 17
17 155
155 17
17 164
164 17
17 169
169 17
17 177
177 17
17 178
178 17
17 220
220 17
17 238
238 17
18 26
26 18
18 48
48 18
18 51
51 18
18 55
55 18
18 69
69 18
18 70
70 18
18 76
76 18
18 82
82 18
18 103
103 18
18 106
106 18
18 112
112 18
18 117
117 18
18 121
121 18
18 138
138 18
18 142
142 18
18 144
144 18
18 148
148 18
18 154
154 18
18 155
155 18
18 156
156 18
18 164
164 18
18 174
174 18
18 183
183 18
18 198
198 18
18 217
217 18
18 224
224 18
18 231
231 18
18 240
240 18
18 241
241 18
18 247
247 18
19 24
24 19
19 31
31 19
19 52
52 19
19 64
64 19
19 83
83 19
19 84
84 19
19 87
87 19
19 91
91 19
19 98
98 19
19 109
109 19
19 126
126 19
19 133
133 19
19 135
135 19
19 170
170 19
19 172
172 19
19 183
183 19
19 189
189 19
19 202
202 19
19 210
210 19
19 213
213 19
19 219
219 19
19 227
227 19
19 240
240 19
19 246
246 19
20 21
21 20
20 41
41 20
20 42
42 20
20 43
43 20
20 54
54 20
20 58
58 20
20 59
59 20
20 64
64 20
20 79
79 20
20 84
84 20
20 105
105 20
20 121
121 20
20 127
127 20
20 130
130 20
20 150
150 20
20 157
157 20
20 177
177 20
20 187
187 20
20 196
196 20
20 205
205 20
20 231
231 20
20 233
233 20
20 235
235 20
21 35
35 21
21 38
38 21
21 49
49 21
21 50
50 21
21 60
60 21
21 81
81 21
21 91
91 21
21 100
100 21
21 106
106 21
21 114
114 21
21 119
119 21
21 120
120 21
21 124
124 21
21 131
131 21
21 137
137 21
21 139
139 21
21 146
146 21
21 156
156 21
21 163
163 21
21 171
171 21
21 180
180 21
21 183
183 21
21 188
188 21
21 189
189 21
21 199
199 21
21 206
206 21
21 210
210 21
21 212
212 21
21 218
218 21
21 234
234 21
21 245
245 21
22 28
28 22
22 37
37 22
22 38
38 22
22 49
49 22
22 59
59 22
22 60
60 22
22 63
63 22
22 109
109 22
22 112
112 22
22 116
116 22
22 134
134 22
22 136
136 22
22 137
137 22
22 145
145 22
22 147
147 22
22 150
150 22
22 153
153 22
22 160
160 22
22 175
175 22
22 185
185 22
22 190
190 22
22 209
209 22
22 212
212 22
22 223
223 22
22 234
234 22
22 236
236 22
22 238
238 22
22 244
244 22
23 28
28 23
23 60
60 23
23 63
63 23
23 86
86 23
23 102
102 23
23 106
106 23
23 134
134 23
23 139
139 23
23 140
140 23
23 170
170 23
23 175
175 23
23 178
178 23
23 193
193 23
23 195
195 23
23 196
196 23
23 208
208 23
23 216
216 23
23 218
218 23
23 221
221 23
23 223
223 23
23 236
236 23
23 243
243 23
24 34
34 24
24 41
41 24
24 48
48 24
24 49
49 24
24 59
59 24
24 64
64 24
24 75
75 24
24 84
84 24
24 109
109 24
24 111
111 24
24 112
112 24
24 144
144 24
24 156
156 24
24 193
193 24
24 204
204 24
24 206
206 24
24 221
221 24
24 244
244 24
24 249
249 24
25 28
28 25
25 34
34 25
25 35
35 25
25 41
41 25
25 43
43 25
25 44
44 25
25 57
57 25
25 58
58 25
25 64
64 25
25 69
69 25
25 92
92 25
25 111
111 25
25 118
118 25
25 127
127 25
25 154
154 25
25 157
157 25
25 194
194 25
25 196
196 25
25 208
208 25
25 220
220 25
25 226
226 25
25 228
228 25
25 249
249 25
26 28
28 26
26 35
35 26
26 37
37 26
26 42
42 26
26 58
58 26
26 78
78 26
26 79
79 26
26 83
83 26
26 107
107 26
26 109
109 26
26 126
126 26
26 159
159 26
26 164
164 26
26 172
172 26
26 180
180 26
26 182
182 26
26 204
204 26
26 218
218 26
26 229
229 26
26 231
231 26
26 233
233 26
27 42
42 27
27 62
62 27
27 68
68 27
27 73
73 27
27 105
105 27
27 115
115 27
27 118
118 27
27 119
119 27
27 127
127 27
27 151
151 27
27 156
156 27
27 169
169 27
27 177
177 27
27 186
186 27
27 189
189 27
27 190
190 27
27 197
197 27
27 198
198 27
27 216
216 27
27 233
233 27
27 248
248 27
27 249
249 27
27 254
254 27
28 36
36 28
28 44
44 28
28 81
81 28
28 89
89 28
28 105
105 28
28 107
107 28
28 123
123 28
28 133
133 28
28 141
141 28
28 147
147 28
28 171
171 28
28 194
194 28
28 196
196 28
28 207
207 28
28 212
212 28
28 234
234 28
28 244
244 28
28 252
252 28
28 255
255 28
29 40
40 29
29 45
45 29
29 48
48 29
29 51
51 29
29 54
54 29
29 76
76 29
29 79
79 29
29 98
98 29
29 120
120 29
29 127
127 29
29 129
129 29
29 159
159 29
29 161
161 29
29 173
173 29
29 178
178 29
29 183
183 29
29 210
210 29
29 218
218 29
29 226
226 29
29 240
240 29
29 246
246 29
29 248
248 29
29 253
253 29
30 31
31 30
30 45
45 30
30 48
48 30
30 51
51 30
30 62
62 30
30 97
97 30
30 101
101 30
30 129
129 30
30 133
133 30
30 139
139 30
30 144
144 30
30 146
146 30
30 147
147 30
30 158
158 30
30 162
162 30
30 164
164 30
30 190
190 30
30 191
191 30
30 198
198 30
30 202
202 30
30 204
204 30
30 206
206 30
30 213
213 30
30 221
221 30
30 234
234 30
30 247
247 30
31 36
36 31
31 52
52 31
31 66
66 31
31 81
81 31
31 87
87 31
31 92
92 31
31 93
93 31
31 97
97 31
31 98
98 31
31 102
102 31
31 103
103 31
31 121
121 31
31 141
141 31
31 150
150 31
31 155
155 31
31 158
158 31
31 179
179 31
31 188
188 31
31 190
190 31
31 191
191 31
31 204
204 31
31 210
210 31
31 231
231 31
31 248
248 31
31 249
249 31
31 251
251 31
31 255
255 31
32 36
36 32
32 60
60 32
32 75
75 32
32 92
92 32
32 102
102 32
32 108
108 32
32 116
116 32
32 129
129 32
32 137
137 32
32 140
140 32
32 141
141 32
32 149
149 32
32 151
151 32
32 154
154 32
32 156
156 32
32 161
161 32
32 173
173 32
32 174
174 32
32 177
177 32
32 184
184 32
32 186
186 32
32 189
189 32
32 192
192 32
32 196
196 32
32 207
207 32
32 213
213 32
32 220
220 32
32 233
233 32
32 238
238 32
32 242
242 32
32 255
255 32
33 51
51 33
33 82
82 33
33 85
85 33
33 106
106 33
33 107
107 33
33 111
111 33
33 123
123 33
33 126
126 33
33 133
133 33
33 145
145 33
33 153
153 33
33 169
169 33
33 173
173 33
33 175
175 33
33 182
182 33
33 193
193 33
33 201
201 33
33 222
222 33
33 238
238 33
33 249
249 33
33 250
250 33
34 38
38 34
34 60
60 34
34 76
76 34
34 83
83 34
34 84
84 34
34 86
86 34
34 91
91 34
34 112
112 34
34 116
116 34
34 133
133 34
34 151
151 34
34 152
152 34
34 177
177 34
34 184
184 34
34 188
188 34
34 197
197 34
34 213
213 34
34 214
214 34
34 228
228 34
34 245
245 34
34 249
249 34
34 252
252 34
34 254
254 34
35 38
38 35
35 53
53 35
35 69
69 35
35 72
72 35
35 99
99 35
35 100
100 35
35 105
105 35
35 113
113 35
35 122
122 35
35 129
129 35
35 143
143 35
35 163
163 35
35 171
171 35
35 178
178 35
35 182
182 35
35 183
183 35
35 190
190 35
35 194
194 35
35 196
196 35
35 230
230 35
35 247
247 35
35 254
254 35
36 40
40 36
36 44
44 36
36 58
58 36
36 79
79 36
36 90
90 36
36 94
94 36
36 108
108 36
36 120
120 36
36 125
125 36
36 133
133 36
36 134
134 36
36 140
140 36
36 156
156 36
36 157
157 36
36 163
163 36
36 182
182 36
36 191
191 36
36 196
196 36
36 198
198 36
36 212
212 36
36 230
230 36
37 45
45 37
37 48
48 37
37 49
49 37
37 57
57 37
37 71
71 37
37 113
113 37
37 117
117 37
37 125
125 37
37 147
147 37
37 158
158 37
37 181
181 37
37 190
190 37
37 197
197 37
37 200
200 37
37 201
201 37
37 202
202 37
37 213
213 37
37 218
218 37
37 222
222 37
37 246
246 37
37 248
248 37
37 252
252 37
38 40
40 38
38 42
42 38
38 44
44 38
38 53
53 38
38 64
64 38
38 84
84 38
38 102
102 38
38 113
113 38
38 133
133 38
38 147
147 38
38 148
148 38
38 154
154 38
38 155
155 38
38 166
166 38
38 167
167 38
38 170
170 38
38 182
182 38
38 183
183 38
38 197
197 38
38 217
217 38
38 226
226 38
38 247
247 38
39 52
52 39
39 70
70 39
39 90
90 39
39 101
101 39
39 121
121 39
39 131
131 39
39 132
132 39
39 171
171 39
39 191
191 39
39 223
223 39
39 226
226 39
39 230
230 39
39 233
233 39
39 236
236 39
39 246
246 39
40 42
42 40
40 43
43 40
40 88
88 40
40 92
92 40
40 94
94 40
40 100
100 40
40 112
112 40
40 118
118 40
40 123
123 40
40 142
142 40
40 147
147 40
40 160
160 40
40 162
162 40
40 166
166 40
40 178
178 40
40 182
182 40
40 189
189 40
40 198
198 40
40 204
204 40
40 214
214 40
40 217
217 40
40 230
230 40
41 46
46 41
41 54
54 41
41 61
61 41
41 62
62 41
41 67
67 41
41 72
72 41
41 82
82 41
41 83
83 41
41 97
97 41
41 103
103 41
41 105
105 41
41 110
110 41
41 117
117 41
41 127
127 41
41 129
129 41
41 156
156 41
41 166
166 41
41 169
169 41
41 171
171 41
41 187
187 41
41 188
188 41
41 192
192 41
41 197
197 41
41 201
201 41
41 234
234 41
41 244
244 41
42 70
70 42
42 83
83 42
42 85
85 42
42 92
92 42
42 96
96 42
42 108
108 42
42 116
116 42
42 118
118 42
42 125
125 42
42 133
133 42
42 152
152 42
42 160
160 42
42 162
162 42
42 179
179 42
42 183
183 42
42 185
185 42
42 194
194 42
42 201
201 42
42 210
210 42
42 211
211 42
42 218
218 42
42 221
221 42
42 241
241 42
42 246
246 42
42 250
250 42
43 57
57 43
43 62
62 43
43 105
105 43
43 111
111 43
43 124
124 43
43 134
134 43
43 150
150 43
43 159
159 43
43 171
171 43
43 180
180 43
43 201
201 43
43 204
204 43
43 207
207 43
43 208
208 43
43 212
212 43
43 215
215 43
43 217
217 43
43 227
227 43
43 230
230 43
43 234
234 43
43 236
236 43
43 237
237 43
43 251
251 43
44 83
83 44
44 104
104 44
44 112
112 44
44 114
114 44
44 145
145 44
44 165
165 44
44 170
170 44
44 181
181 44
44 190
190 44
44 196
196 44
44 199
199 44
44 205
205 44
44 209
209 44
44 223
223 44
44 225
225 44
44 235
235 44
44 237
237 44
44 241
241 44
44 249
249 44
45 47
47 45
45 60
60 45
45 63
63 45
45 75
75 45
45 77
77 45
45 87
87 45
45 91
91 45
45 97
97 45
45 108
108 45
45 115
115 45
45 118
118 45
45 120
120 45
45 127
127 45
45 142
142 45
45 154
154 45
45 162
162 45
45 174
174 45
45 182
182 45
45 184
184 45
45 192
192 45
45 195
195 45
45 197
197 45
45 202
202 45
45 204
204 45
45 205
205 45
45 220
220 45
45 222
222 45
45 231
231 45
45 245
245 45
45 248
248 45
45 253
253 45
46 51
51 46
46 57
57 46
46 59
59 46
46 66
66 46
46 72
72 46
46 82
82 46
46 93
93 46
46 124
124 46
46 152
152 46
46 208
208 46
46 209
209 46
46 226
226 46
46 234
234 46
46 249
249 46
46 251
251 46
46 254
254 46
47 80
80 47
47 106
106 47
47 115
115 47
47 127
127 47
47 137
137 47
47 138
138 47
47 146
146 47
47 160
160 47
47 166
166 47
47 172
172 47
47 177
177 47
47 180
180 47
47 187
187 47
47 202
202 47
47 237
237 47
47 242
242 47
47 252
252 47
48 55
55 48
48 63
63 48
48 72
72 48
48 98
98 48
48 104
104 48
48 109
109 48
48 115
115 48
48 150
150 48
48 162
162 48
48 174
174 48
48 196
196 48
48 212
212 48
48 220
220 48
48 225
225 48
48 228
228 48
48 236
236 48
48 247
247 48
48 250
250 48
49 54
54 49
49 58
58 49
49 63
63 49
49 70
70 49
49 80
80 49
49 84
84 49
49 102
102 49
49 112
112 49
49 120
120 49
49 130
130 49
49 134
134 49
49 139
139 49
49 143
143 49
49 149
149 49
49 168
168 49
49 190
190 49
49 211
211 49
49 214
214 49
49 219
219 49
49 222
222 49
49 223
223 49
49 228
228 49
49 237
237 49
49 239
239 49
49 249
249 49
49 250
250 49
50 55
55 50
50 62
62 50
50 76
76 50
50 80
80 50
50 83
83 50
50 95
95 50
50 96
96 50
50 105
105 50
50 114
114 50
50 127
127 50
50 130
130 50
50 135
135 50
50 157
157 50
50 161
161 50
50 183
183 50
50 184
184 50
50 189
189 50
50 192
192 50
50 208
208 50
50 217
217 50
50 219
219 50
50 238
238 50
50 241
241 50
51 52
52 51
51 55
55 51
51 76
76 51
51 84
84 51
51 87
87 51
51 88
88 51
51 104
104 51
51 105
105 51
51 113
113 51
51 125
125 51
51 134
134 51
51 147
147 51
51 156
156 51
51 157
157 51
51 160
160 51
51 166
166 51
51 172
172 51
51 202
202 51
51 207
207 51
51 226
226 51
51 233
233 51
51 243
243 51
51 245
245 51
52 58
58 52
52 68
68 52
52 73
73 52
52 89
89 52
52 112
112 52
52 124
124 52
52 160
160 52
52 163
163 52
52 168
168 52
52 172
172 52
52 179
179 52
52 182
182 52
52 196
196 52
52 197
197 52
52 213
213 52
52 226
226 52
52 227
227 52
52 233
233 52
52 248
248 52
53 72
72 53
53 101
101 53
53 110
110 53
53 118
118 53
53 134
134 53
53 136
136 53
53 143
143 53
53 145
145 53
53 148
148 53
53 177
177 53
53 187
187 53
53 189
189 53
53 196
196 53
53 199
199 53
53 210
210 53
53 212
212 53
53 215
215 53
53 229
229 53
53 240
240 53
53 245
245 53
54 64
64 54
54 65
65 54
54 69
69 54
54 71
71 54
54 81
81 54
54 88
88 54
54 103
103 54
54 104
104 54
54 126
126 54
54 129
129 54
54 131
131 54
54 137
137 54
54 144
144 54
54 175
175 54
54 177
177 54
54 192
192 54
54 193
193 54
54 217
217 54
54 242
242 54
55 65
65 55
55 104
104 55
55 112
112 55
55 115
115 55
55 116
116 55
55 118
118 55
55 121
121 55
55 141
141 55
55 161
161 55
55 163
163 55
55 169
169 55
55 177
177 55
55 186
186 55
55 193
193 55
55 195
195 55
55 198
198 55
55 202
202 55
55 203
203 55
55 214
214 55
55 237
237 55
55 242
242 55
55 255
255 55
56 71
71 56
56 72
72 56
56 82
82 56
56 83
83 56
56 92
92 56
56 102
102 56
56 119
119 56
56 127
127 56
56 129
129 56
56 142
142 56
56 143
143 56
56 148
148 56
56 157
157 56
56 161
161 56
56 162
162 56
56 171
171 56
56 176
176 56
56 180
180 56
56 191
191 56
56 194
194 56
56 201
201 56
56 213
213 56
56 238
238 56
56 239
239 56
56 243
243 56
57 84
84 57
57 104
104 57
57 156
156 57
57 169
169 57
57 180
180 57
57 184
184 57
57 186
186 57
57 213
213 57
57 218
218 57
57 229
229 57
57 232
232 57
57 246
246 57
57 249
249 57
58 62
62 58
58 65
65 58
58 67
67 58
58 85
85 58
58 100
100 58
58 109
109 58
58 114
114 58
58 119
119 58
58 133
133 58
58 142
142 58
58 155
155 58
58 168
168 58
58 170
170 58
58 176
176 58
58 207
207 58
58 217
217 58
58 218
218 58
58 225
225 58
58 228
228 58
58 235
235 58
59 70
70 59
59 89
89 59
59 91
91 59
59 97
97 59
59 99
99 59
59 106
106 59
59 115
115 59
59 133
133 59
59 141
141 59
59 159
159 59
59 160
160 59
59 163
163 59
59 166
166 59
59 170
170 59
59 180
180 59
59 185
185 59
59 208
208 59
59 230
230 59
59 240
240 59
59 251
251 59
60 61
61 60
60 64
64 60
60 80
80 60
60 85
85 60
60 86
86 60
60 94
94 60
60 100
100 60
60 160
160 60
60 170
170 60
60 171
171 60
60 179
179 60
60 182
182 60
60 191
191 60
60 196
196 60
60 204
204 60
60 222
222 60
60 224
224 60
60 230
230 60
61 75
75 61
61 78
78 61
61 104
104 61
61 130
130 61
61 131
131 61
61 212
212 61
61 220
220 61
61 233
233 61
61 235
235 61
62 66
66 62
62 71
71 62
62 74
74 62
62 79
79 62
62 90
90 62
62 102
102 62
62 142
142 62
62 148
148 62
62 156
156 62
62 159
159 62
62 196
196 62
62 209
209 62
62 211
211 62
62 218
218 62
62 233
233 62
62 254
254 62
62 255
255 62
63 72
72 63
63 113
113 63
63 129
129 63
63 130
130 63
63 145
145 63
63 163
163 63
63 201
201 63
63 213
213 63
63 231
231 63
63 246
246 63
64 66
66 64
64 84
84 64
64 96
96 64
64 110
110 64
64 120
120 64
64 129
129 64
64 147
147 64
64 149
149 64
64 150
150 64
64 158
158 64
64 164
164 64
64 170
170 64
64 175
175 64
64 179
179 64
64 180
180 64
64 181
181 64
64 190
190 64
64 192
192 64
64 226
226 64
64 232
232 64
64 249
249 64
65 97
97 65
65 104
104 65
65 111
111 65
65 115
115 65
65 119
119 65
65 122
122 65
65 125
125 65
65 126
126 65
65 127
127 65
65 128
128 65
65 133
133 65
65 139
139 65
65 160
160 65
65 166
166 65
65 168
168 65
65 171
171 65
65 217
217 65
65 218
218 65
65 248
248 65
65 253
253 65
65 254
254 65
66 68
68 66
66 79
79 66
66 90
90 66
66 112
112 66
66 124
124 66
66 128
128 66
66 140
140 66
66 147
147 66
66 166
166 66
66 168
168 66
66 180
180 66
66 182
182 66
66 186
186 66
66 196
196 66
66 206
206 66
66 213
213 66
66 220
220 66
66 236
236 66
66 245
245 66
66 248
248 66
66 250
250 66
66 254
254 66
67 68
68 67
67 91
91 67
67 94
94 67
67 105
105 67
67 110
110 67
67 118
118 67
67 119
119 67
67 125
125 67
67 129
129 67
67 167
167 67
67 185
185 67
67 191
191 67
67 202
202 67
67 221
221 67
68 82
82 68
68 84
84 68
68 89
89 68
68 102
102 68
68 127
127 68
68 170
170 68
68 180
180 68
68 185
185 68
68 187
187 68
68 190
190 68
68 195
195 68
68 199
199 68
68 202
202 68
68 206
206 68
68 219
219 68
68 230
230 68
68 233
233 68
68 234
234 68
69 76
76 69
69 79
79 69
69 99
99 69
69 103
103 69
69 118
118 69
69 134
134 69
69 144
144 69
69 149
149 69
69 162
162 69
69 172
172 69
69 186
186 69
69 199
199 69
69 209
209 69
69 215
215 69
69 218
218 69
69 223
223 69
69 227
227 69
69 245
245 69
69 247
247 69
69 254
254 69
70 71
71 70
70 75
75 70
70 79
79 70
70 111
111 70
70 126
126 70
70 142
142 70
70 160
160 70
70 187
187 70
70 199
199 70
70 206
206 70
70 215
215 70
70 243
243 70
70 245
245 70
70 253
253 70
71 73
73 71
71 77
77 71
71 84
84 71
71 87
87 71
71 89
89 71
71 112
112 71
71 118
118 71
71 126
126 71
71 129
129 71
71 131
131 71
71 140
140 71
71 148
148 71
71 157
157 71
71 160
160 71
71 161
161 71
71 178
178 71
71 203
203 71
71 210
210 71
71 211
211 71
71 217
217 71
71 218
218 71
71 224
224 71
71 229
229 71
72 77
77 72
72 93
93 72
72 113
113 72
72 119
119 72
72 142
142 72
72 166
166 72
72 206
206 72
72 222
222 72
72 227
227 72
72 250
250 72
72 254
254 72
73 78
78 73
73 79
79 73
73 126
126 73
73 133
133 73
73 138
138 73
73 143
143 73
73 148
148 73
73 171
171 73
73 185
185 73
73 192
192 73
73 202
202 73
73 209
209 73
73 216
216 73
73 226
226 73
73 230
230 73
73 234
234 73
73 247
247 73
74 84
84 74
74 89
89 74
74 132
132 74
74 152
152 74
74 154
154 74
74 173
173 74
74 178
178 74
74 213
213 74
74 219
219 74
74 234
234 74
74 241
241 74
74 245
245 74
74 252
252 74
74 254
254 74
75 77
77 75
75 85
85 75
75 88
88 75
75 94
94 75
75 102
102 75
75 108
108 75
75 112
112 75
75 114
114 75
75 126
126 75
75 135
135 75
75 146
146 75
75 158
158 75
75 164
164 75
75 173
173 75
75 185
185 75
75 186
186 75
75 192
192 75
75 201
201 75
75 215
215 75
75 220
220 75
76 97
97 76
76 103
103 76
76 112
112 76
76 113
113 76
76 115
115 76
76 116
116 76
76 119
119 76
76 146
146 76
76 151
151 76
76 156
156 76
76 172
172 76
76 173
173 76
76 176
176 76
76 182
182 76
76 183
183 76
76 194
194 76
76 204
204 76
76 222
222 76
76 231
231 76
76 243
243 76
76 244
244 76
76 245
245 76
76 251
251 76
76 254
254 76
77 127
127 77
77 132
132 77
77 135
135 77
77 147
147 77
77 153
153 77
77 161
161 77
77 165
165 77
77 172
172 77
77 174
174 77
77 175
175 77
77 184
184 77
77 212
212 77
77 217
217 77
77 231
231 77
77 242
242 77
78 90
90 78
78 104
104 78
78 113
113 78
78 118
118 78
78 146
146 78
78 149
149 78
78 165
165 78
78 171
171 78
78 179
179 78
78 181
181 78
78 182
182 78
78 187
187 78
78 196
196 78
78 200
200 78
78 223
223 78
78 240
240 78
79 94
94 79
79 99
99 79
79 108
108 79
79 113
113 79
79 118
118 79
79 132
132 79
79 153
153 79
79 154
154 79
79 165
165 79
79 173
173 79
79 177
177 79
79 186
186 79
79 236
236 79
79 238
238 79
80 92
92 80
80 97
97 80
80 104
104 80
80 115
115 80
80 136
136 80
80 161
161 80
80 164
164 80
80 167
167 80
80 197
197 80
80 198
198 80
80 240
240 80
81 85
85 81
81 92
92 81
81 96
96 81
81 98
98 81
81 100
100 81
81 113
113 81
81 118
118 81
81 120
120 81
81 126
126 81
81 137
137 81
81 139
139 81
81 157
157 81
81 182
182 81
81 191
191 81
81 202
202 81
81 209
209 81
81 211
211 81
81 212
212 81
81 213
213 81
81 219
219 81
81 242
242 81
81 246
246 81
81 247
247 81
82 91
91 82
82 119
119 82
82 121
121 82
82 142
142 82
82 150
150 82
82 152
152 82
82 180
180 82
82 184
184 82
82 188
188 82
82 190
190 82
82 225
225 82
82 239
239 82
82 240
240 82
83 85
85 83
83 94
94 83
83 96
96 83
83 122
122 83
83 129
129 83
83 143
143 83
83 145
145 83
83 152
152 83
83 173
173 83
83 183
183 83
83 187
187 83
83 196
196 83
83 199
199 83
83 202
202 83
83 208
208 83
83 210
210 83
83 213
213 83
83 221
221 83
83 231
231 83
83 245
245 83
84 88
88 84
84 106
106 84
84 108
108 84
84 116
116 84
84 125
125 84
84 127
127 84
84 128
128 84
84 135
135 84
84 160
160 84
84 166
166 84
84 177
177 84
84 179
179 84
84 180
180 84
84 183
183 84
84 184
184 84
84 188
188 84
84 192
192 84
84 194
194 84
84 202
202 84
84 213
213 84
84 215
215 84
84 218
218 84
84 219
219 84
84 221
221 84
84 227
227 84
84 228
228 84
84 244
244 84
84 255
255 84
85 99
99 85
85 102
102 85
85 113
113 85
85 115
115 85
85 121
121 85
85 131
131 85
85 133
133 85
85 139
139 85
85 164
164 85
85 166
166 85
85 177
177 85
85 191
191 85
85 208
208 85
86 91
91 86
86 92
92 86
86 95
95 86
86 98
98 86
86 135
135 86
86 157
157 86
86 165
165 86
86 177
177 86
86 180
180 86
86 183
183 86
86 208
208 86
86 209
209 86
86 211
211 86
86 236
236 86
86 238
238 86
86 242
242 86
86 244
244 86
86 254
254 86
87 101
101 87
87 107
107 87
87 113
113 87
87 133
133 87
87 144
144 87
87 148
148 87
87 149
149 87
87 199
199 87
87 200
200 87
87 209
209 87
87 240
240 87
88 90
90 88
88 108
108 88
88 114
114 88
88 141
141 88
88 142
142 88
88 151
151 88
88 154
154 88
88 156
156 88
88 160
160 88
88 171
171 88
88 176
176 88
88 177
177 88
88 230
230 88
88 237
237 88
89 95
95 89
89 118
118 89
89 121
121 89
89 130
130 89
89 136
136 89
89 146
146 89
89 158
158 89
89 193
193 89
89 198
198 89
89 240
240 89
89 247
247 89
89 253
253 89
89 255
255 89
90 136
136 90
90 150
150 90
90 168
168 90
90 173
173 90
90 187
187 90
90 189
189 90
90 191
191 90
90 193
193 90
90 210
210 90
90 250
250 90
90 252
252 90
91 105
105 91
91 138
138 91
91 147
147 91
91 158
158 91
91 160
160 91
91 170
170 91
91 174
174 91
91 177
177 91
91 202
202 91
91 210
210 91
91 218
218 91
91 230
230 91
91 233
233 91
91 236
236 91
91 246
246 91
91 254
254 91
92 94
94 92
92 103
103 92
92 105
105 92
92 113
113 92
92 154
154 92
92 165
165 92
92 179
179 92
92 194
194 92
92 197
197 92
92 201
201 92
92 209
209 92
92 211
211 92
92 217
217 92
93 96
96 93
93 103
103 93
93 106
106 93
93 111
111 93
93 119
119 93
93 131
131 93
93 134
134 93
93 139
139 93
93 146
146 93
93 153
153 93
93 218
218 93
93 223
223 93
93 227
227 93
93 230
230 93
93 254
254 93
93 255
255 93
94 96
96 94
94 97
97 94
94 98
98 94
94 108
108 94
94 120
120 94
94 126
126 94
94 127
127 94
94 129
129 94
94 130
130 94
94 163
163 94
94 184
184 94
94 209
209 94
94 244
244 94
95 96
96 95
95 97
97 95
95 102
102 95
95 111
111 95
95 115
115 95
95 117
117 95
95 125
125 95
95 129
129 95
95 131
131 95
95 135
135 95
95 143
143 95
95 150
150 95
95 185
185 95
95 188
188 95
95 200
200 95
95 201
201 95
95 215
215 95
95 235
235 95
95 243
243 95
95 252
252 95
96 100
100 96
96 102
102 96
96 103
103 96
96 110
110 96
96 121
121 96
96 132
132 96
96 138
138 96
96 145
145 96
96 163
163 96
96 166
166 96
96 180
180 96
96 185
185 96
96 234
234 96
97 107
107 97
97 115
115 97
97 116
116 97
97 125
125 97
97 155
155 97
97 173
173 97
97 194
194 97
97 197
197 97
97 226
226 97
97 239
239 97
97 243
243 97
97 248
248 97
97 251
251 97
98 102
102 98
98 111
111 98
98 115
115 98
98 126
126 98
98 129
129 98
98 132
132 98
98 153
153 98
98 164
164 98
98 167
167 98
98 179
179 98
98 188
188 98
98 203
203 98
98 206
206 98
98 207
207 98
98 208
208 98
98 222
222 98
98 225
225 98
98 228
228 98
98 236
236 98
98 238
238 98
98 239
239 98
98 241
241 98
98 249
249 98
98 250
250 98
99 123
123 99
99 129
129 99
99 155
155 99
99 175
175 99
99 192
192 99
99 194
194 99
99 212
212 99
99 217
217 99
99 218
218 99
99 222
222 99
99 236
236 99
100 108
108 100
100 114
114 100
100 123
123 100
100 128
128 100
100 136
136 100
100 146
146 100
100 149
149 100
100 161
161 100
100 167
167 100
100 181
181 100
100 191
191 100
100 212
212 100
100 215
215 100
100 219
219 100
100 222
222 100
100 233
233 100
100 235
235 100
100 237
237 100
100 249
249 100
100 251
251 100
101 127
127 101
101 134
134 101
101 142
142 101
101 144
144 101
101 147
147 101
101 150
150 101
101 167
167 101
101 186
186 101
101 215
215 101
101 217
217 101
101 223
223 101
101 237
237 101
101 245
245 101
102 107
107 102
102 110
110 102
102 118
118 102
102 119
119 102
102 136
136 102
102 148
148 102
102 156
156 102
102 157
157 102
102 173
173 102
102 176
176 102
102 191
191 102
102 214
214 102
102 220
220 102
102 235
235 102
102 248
248 102
102 255
255 102
103 110
110 103
103 115
115 103
103 140
140 103
103 167
167 103
103 172
172 103
103 179
179 103
103 190
190 103
103 198
198 103
103 207
207 103
103 222
222 103
103 228
228 103
103 250
250 103
103 254
254 103
104 125
125 104
104 128
128 104
104 129
129 104
104 132
132 104
104 149
149 104
104 159
159 104
104 178
178 104
104 186
186 104
104 187
187 104
104 200
200 104
104 201
201 104
104 203
203 104
104 209
209 104
104 211
211 104
104 213
213 104
104 225
225 104
104 241
241 104
104 245
245 104
104 255
255 104
105 115
115 105
105 123
123 105
105 125
125 105
105 127
127 105
105 148
148 105
105 154
154 105
105 155
155 105
105 161
161 105
105 188
188 105
105 190
190 105
105 206
206 105
105 207
207 105
105 217
217 105
105 223
223 105
105 224
224 105
105 229
229 105
105 232
232 105
105 254
254 105
106 109
109 106
106 128
128 106
106 130
130 106
106 162
162 106
106 164
164 106
106 166
166 106
106 172
172 106
106 173
173 106
106 177
177 106
106 182
182 106
106 183
183 106
106 184
184 106
106 188
188 106
106 197
197 106
106 204
204 106
106 207
207 106
106 210
210 106
106 211
211 106
106 212
212 106
106 215
215 106
106 217
217 106
106 243
243 106
106 247
247 106
106 250
250 106
107 124
124 107
107 141
141 107
107 144
144 107
107 178
178 107
107 181
181 107
107 184
184 107
107 188
188 107
107 195
195 107
107 199
199 107
107 216
216 107
107 239
239 107
107 242
242 107
107 248
248 107
107 251
251 107
107 255
255 107
108 114
114 108
108 124
124 108
108 129
129 108
108 130
130 108
108 140
140 108
108 142
142 108
108 143
143 108
108 149
149 108
108 151
151 108
108 173
173 108
108 176
176 108
108 216
216 108
108 220
220 108
108 234
234 108
108 248
248 108
108 250
250 108
109 111
111 109
109 121
121 109
109 139
139 109
109 152
152 109
109 177
177 109
109 179
179 109
109 188
188 109
109 220
220 109
109 232
232 109
109 238
238 109
109 242
242 109
110 111
111 110
110 118
118 110
110 129
129 110
110 132
132 110
110 138
138 110
110 142
142 110
110 150
150 110
110 153
153 110
110 159
159 110
110 161
161 110
110 164
164 110
110 168
168 110
110 169
169 110
110 183
183 110
110 188
188 110
110 218
218 110
110 221
221 110
110 227
227 110
110 232
232 110
110 237
237 110
110 238
238 110
111 116
116 111
111 132
132 111
111 150
150 111
111 155
155 111
111 159
159 111
111 163
163 111
111 186
186 111
111 189
189 111
111 196
196 111
111 208
208 111
111 222
222 111
111 229
229 111
111 241
241 111
112 120
120 112
112 145
145 112
112 162
162 112
112 183
183 112
112 188
188 112
112 200
200 112
112 203
203 112
112 214
214 112
112 222
222 112
112 223
223 112
112 227
227 112
113 114
114 113
113 134
134 113
113 143
143 113
113 149
149 113
113 153
153 113
113 161
161 113
113 167
167 113
113 180
180 113
113 192
192 113
113 194
194 113
113 208
208 113
113 209
209 113
114 115
115 114
114 129
129 114
114 135
135 114
114 139
139 114
114 147
147 114
114 151
151 114
114 153
153 114
114 171
171 114
114 174
174 114
114 187
187 114
114 188
188 114
114 190
190 114
114 219
219 114
114 235
235 114
114 243
243 114
115 142
142 115
115 152
152 115
115 153
153 115
115 154
154 115
115 171
171 115
115 179
179 115
115 203
203 115
115 206
206 115
115 215
215 115
115 230
230 115
115 249
249 115
116 123
123 116
116 133
133 116
116 137
137 116
116 144
144 116
116 147
147 116
116 168
168 116
116 193
193 116
116 196
196 116
116 199
199 116
116 200
200 116
116 201
201 116
116 204
204 116
116 206
206 116
116 207
207 116
116 212
212 116
116 221
221 116
116 237
237 116
116 243
243 116
117 131
131 117
117 136
136 117
117 142
142 117
117 145
145 117
117 154
154 117
117 179
179 117
117 233
233 117
117 242
242 117
117 247
247 117
118 123
123 118
118 143
143 118
118 150
150 118
118 152
152 118
118 156
156 118
118 170
170 118
118 174
174 118
118 197
197 118
118 207
207 118
118 212
212 118
118 220
220 118
118 238
238 118
118 240
240 118
119 120
120 119
119 147
147 119
119 152
152 119
119 160
160 119
119 162
162 119
119 184
184 119
119 187
187 119
119 189
189 119
119 207
207 119
119 210
210 119
119 219
219 119
119 226
226 119
119 250
250 119
120 144
144 120
120 159
159 120
120 163
163 120
120 177
177 120
120 183
183 120
120 189
189 120
120 193
193 120
120 198
198 120
120 199
199 120
120 212
212 120
120 226
226 120
120 233
233 120
120 243
243 120
120 244
244 120
120 246
246 120
121 132
132 121
121 143
143 121
121 148
148 121
121 161
161 121
121 186
186 121
121 188
188 121
121 195
195 121
121 198
198 121
121 221
221 121
121 223
223 121
121 247
247 121
122 142
142 122
122 161
161 122
122 167
167 122
122 175
175 122
122 180
180 122
122 182
182 122
122 184
184 122
122 194
194 122
122 224
224 122
122 233
233 122
122 236
236 122
123 136
136 123
123 139
139 123
123 148
148 123
123 150
150 123
123 153
153 123
123 179
179 123
123 186
186 123
123 194
194 123
123 198
198 123
123 217
217 123
123 218
218 123
123 219
219 123
123 236
236 123
123 244
244 123
123 246
246 123
124 128
128 124
124 135
135 124
124 160
160 124
124 172
172 124
124 182
182 124
124 190
190 124
124 191
191 124
124 194
194 124
124 206
206 124
124 208
208 124
124 210
210 124
124 214
214 124
124 215
215 124
124 219
219 124
124 221
221 124
124 229
229 124
124 232
232 124
124 253
253 124
125 130
130 125
125 133
133 125
125 151
151 125
125 192
192 125
125 196
196 125
125 199
199 125
125 208
208 125
125 239
239 125
125 240
240 125
125 247
247 125
126 128
128 126
126 130
130 126
126 142
142 126
126 149
149 126
126 163
163 126
126 166
166 126
126 178
178 126
126 181
181 126
126 204
204 126
126 208
208 126
126 220
220 126
126 233
233 126
126 236
236 126
126 240
240 126
126 244
244 126
126 245
245 126
126 246
246 126
126 255
255 126
127 128
128 127
127 138
138 127
127 162
162 127
127 169
169 127
127 195
195 127
127 203
203 127
127 210
210 127
127 213
213 127
127 215
215 127
127 220
220 127
127 224
224 127
127 241
241 127
127 253
253 127
128 140
140 128
128 150
150 128
128 201
201 128
128 205
205 128
128 207
207 128
128 209
209 128
128 232
232 128
128 233
233 128
128 254
254 128
129 139
139 129
129 144
144 129
129 156
156 129
129 169
169 129
129 177
177 129
129 191
191 129
129 197
197 129
129 215
215 129
129 224
224 129
130 139
139 130
130 158
158 130
130 163
163 130
130 167
167 130
130 171
171 130
130 179
179 130
130 180
180 130
130 181
181 130
130 187
187 130
130 200
200 130
130 209
209 130
130 234
234 130
130 235
235 130
131 138
138 131
131 161
161 131
131 162
162 131
131 169
169 131
131 174
174 131
131 185
185 131
131 195
195 131
131 198
198 131
131 209
209 131
131 210
210 131
131 214
214 131
131 229
229 131
131 237
237 131
132 138
138 132
132 139
139 132
132 142
142 132
132 150
150 132
132 159
159 132
132 163
163 132
132 164
164 132
132 165
165 132
132 179
179 132
132 183
183 132
132 189
189 132
132 194
194 132
132 200
200 132
132 202
202 132
132 204
204 132
132 218
218 132
132 220
220 132
132 225
225 132
132 228
228 132
132 230
230 132
132 245
245 132
133 141
141 133
133 142
142 133
133 149
149 133
133 168
168 133
133 175
175 133
133 179
179 133
133 182
182 133
133 196
196 133
133 198
198 133
133 211
211 133
133 217
217 133
133 227
227 133
133 235
235 133
133 236
236 133
133 237
237 133
133 242
242 133
133 243
243 133
133 244
244 133
133 249
249 133
133 250
250 133
134 135
135 134
134 164
164 134
134 165
165 134
134 177
177 134
134 189
189 134
134 202
202 134
134 204
204 134
134 208
208 134
134 218
218 134
134 221
221 134
134 224
224 134
134 237
237 134
134 239
239 134
134 254
254 134
135 153
153 135
135 162
162 135
135 163
163 135
135 165
165 135
135 207
207 135
135 211
211 135
135 227
227 135
135 252
252 135
135 254
254 135
135 255
255 135
136 138
138 136
136 142
142 136
136 161
161 136
136 169
169 136
136 183
183 136
136 187
187 136
136 197
197 136
136 207
207 136
136 211
211 136
136 212
212 136
136 227
227 136
136 235
235 136
136 240
240 136
136 246
246 136
136 249
249 136
137 155
155 137
137 159
159 137
137 160
160 137
137 179
179 137
137 211
211 137
137 223
223 137
137 243
243 137
137 249
249 137
137 252
252 137
138 153
153 138
138 157
157 138
138 159
159 138
138 177
177 138
138 180
180 138
138 210
210 138
138 211
211 138
138 213
213 138
138 214
214 138
138 232
232 138
138 239
239 138
138 240
240 138
138 252
252 138
139 149
149 139
139 167
167 139
139 170
170 139
139 194
194 139
139 216
216 139
139 227
227 139
139 244
244 139
139 251
251 139
139 252
252 139
140 141
141 140
140 151
151 140
140 155
155 140
140 160
160 140
140 163
163 140
140 170
170 140
140 187
187 140
140 207
207 140
140 235
235 140
140 237
237 140
140 240
240 140
140 241
241 140
140 245
245 140
140 246
246 140
140 247
247 140
140 253
253 140
141 149
149 141
141 152
152 141
141 157
157 141
141 162
162 141
141 169
169 141
141 183
183 141
141 190
190 141
141 206
206 141
141 210
210 141
141 213
213 141
141 237
237 141
141 251
251 141
142 156
156 142
142 177
177 142
142 203
203 142
142 227
227 142
142 249
249 142
142 255
255 142
143 144
144 143
143 167
167 143
143 168
168 143
143 171
171 143
143 177
177 143
143 182
182 143
143 218
218 143
143 223
223 143
143 231
231 143
143 238
238 143
143 241
241 143
144 152
152 144
144 154
154 144
144 173
173 144
144 191
191 144
144 201
201 144
144 203
203 144
144 209
209 144
144 215
215 144
144 248
248 144
144 252
252 144
145 148
148 145
145 149
149 145
145 152
152 145
145 156
156 145
145 165
165 145
145 185
185 145
145 192
192 145
145 193
193 145
145 206
206 145
145 212
212 145
146 196
196 146
146 198
198 146
146 199
199 146
146 205
205 146
146 207
207 146
146 213
213 146
146 215
215 146
146 232
232 146
146 244
244 146
146 249
249 146
146 250
250 146
147 163
163 147
147 171
171 147
147 186
186 147
147 194
194 147
147 204
204 147
147 212
212 147
147 225
225 147
147 236
236 147
147 238
238 147
147 240
240 147
147 252
252 147
148 150
150 148
148 166
166 148
148 171
171 148
148 174
174 148
148 181
181 148
148 183
183 148
148 187
187 148
148 192
192 148
148 197
197 148
148 219
219 148
148 254
254 148
149 153
153 149
149 154
154 149
149 165
165 149
149 175
175 149
149 190
190 149
149 206
206 149
149 207
207 149
149 211
211 149
149 229
229 149
149 231
231 149
149 242
242 149
149 248
248 149
149 249
249 149
150 157
157 150
150 160
160 150
150 173
173 150
150 176
176 150
150 204
204 150
150 215
215 150
150 218
218 150
150 238
238 150
150 247
247 150
150 249
249 150
150 250
250 150
151 154
154 151
151 163
163 151
151 175
175 151
151 177
177 151
151 199
199 151
151 200
200 151
151 204
204 151
151 218
218 151
151 221
221 151
151 228
228 151
151 238
238 151
151 240
240 151
151 248
248 151
152 163
163 152
152 166
166 152
152 180
180 152
152 201
201 152
152 212
212 152
152 222
222 152
152 225
225 152
152 226
226 152
152 242
242 152
152 244
244 152
152 247
247 152
153 154
154 153
153 185
185 153
153 186
186 153
153 192
192 153
153 195
195 153
153 198
198 153
153 204
204 153
153 205
205 153
153 211
211 153
153 232
232 153
154 166
166 154
154 167
167 154
154 178
178 154
154 180
180 154
154 181
181 154
154 215
215 154
154 233
233 154
154 250
250 154
155 166
166 155
155 172
172 155
155 179
179 155
155 180
180 155
155 183
183 155
155 191
191 155
155 195
195 155
155 212
212 155
155 218
218 155
155 235
235 155
155 243
243 155
155 244
244 155
155 251
251 155
155 255
255 155
156 161
161 156
156 164
164 156
156 177
177 156
156 189
189 156
156 192
192 156
156 194
194 156
156 196
196 156
156 228
228 156
156 247
247 156
156 252
252 156
156 253
253 156
157 159
159 157
157 163
163 157
157 171
171 157
157 176
176 157
157 209
209 157
157 211
211 157
157 235
235 157
158 166
166 158
158 172
172 158
158 209
209 158
158 213
213 158
158 224
224 158
158 228
228 158
158 232
232 158
158 247
247 158
158 248
248 158
158 250
250 158
159 171
171 159
159 173
173 159
159 210
210 159
159 215
215 159
159 220
220 159
159 229
229 159
159 239
239 159
160 168
168 160
160 179
179 160
160 185
185 160
160 203
203 160
160 204
204 160
160 219
219 160
160 240
240 160
160 251
251 160
161 179
179 161
161 183
183 161
161 196
196 161
161 202
202 161
161 213
213 161
161 217
217 161
161 239
239 161
161 242
242 161
161 255
255 161
162 165
165 162
162 167
167 162
162 202
202 162
162 209
209 162
162 211
211 162
162 215
215 162
162 226
226 162
162 227
227 162
162 230
230 162
162 235
235 162
162 247
247 162
162 248
248 162
163 187
187 163
163 189
189 163
163 193
193 163
163 213
213 163
163 217
217 163
163 224
224 163
163 226
226 163
163 245
245 163
163 248
248 163
164 173
173 164
164 184
184 164
164 200
200 164
164 219
219 164
164 224
224 164
164 232
232 164
164 251
251 164
165 171
171 165
165 187
187 165
165 193
193 165
165 203
203 165
165 205
205 165
165 212
212 165
165 222
222 165
165 233
233 165
165 238
238 165
165 245
245 165
165 246
246 165
166 180
180 166
166 184
184 166
166 200
200 166
166 206
206 166
166 237
237 166
166 252
252 166
167 178
178 167
167 181
181 167
167 189
189 167
167 194
194 167
167 216
216 167
167 220
220 167
167 224
224 167
167 230
230 167
167 252
252 167
168 170
170 168
168 177
177 168
168 183
183 168
168 185
185 168
168 186
186 168
168 187
187 168
168 192
192 168
168 203
203 168
168 206
206 168
168 219
219 168
168 221
221 168
168 230
230 168
168 239
239 168
168 249
249 168
168 251
251 168
169 178
178 169
169 214
214 169
169 226
226 169
169 234
234 169
169 236
236 169
169 239
239 169
170 174
174 170
170 186
186 170
170 189
189 170
170 210
210 170
170 221
221 170
170 239
239 170
170 248
248 170
170 254
254 170
170 255
255 170
171 187
187 171
171 189
189 171
171 198
198 171
171 210
210 171
171 217
217 171
171 228
228 171
171 232
232 171
171 249
249 171
171 251
251 171
171 253
253 171
172 183
183 172
172 184
184 172
172 218
218 172
172 225
225 172
172 231
231 172
172 237
237 172
172 247
247 172
172 250
250 172
173 178
178 173
173 193
193 173
173 201
201 173
173 220
220 173
173 244
244 173
173 253
253 173
174 179
179 174
174 185
185 174
174 187
187 174
174 197
197 174
174 202
202 174
174 204
204 174
174 215
215 174
174 226
226 174
174 233
233 174
174 239
239 174
175 179
179 175
175 180
180 175
175 186
186 175
175 194
194 175
175 202
202 175
175 222
222 175
176 190
190 176
176 191
191 176
176 205
205 176
176 210
210 176
176 227
227 176
176 232
232 176
176 251
251 176
177 185
185 177
177 189
189 177
177 193
193 177
177 197
197 177
177 205
205 177
177 207
207 177
177 211
211 177
177 232
232 177
177 233
233 177
177 238
238 177
177 248
248 177
178 183
183 178
178 191
191 178
178 199
199 178
178 202
202 178
178 207
207 178
178 210
210 178
178 221
221 178
178 234
234 178
178 237
237 178
178 243
243 178
178 249
249 178
179 187
187 179
179 196
196 179
179 210
210 179
179 212
212 179
179 216
216 179
179 221
221 179
179 222
222 179
179 225
225 179
179 230
230 179
179 231
231 179
180 215
215 180
180 227
227 180
180 243
243 180
180 248
248 180
180 251
251 180
181 185
185 181
181 190
190 181
181 198
198 181
181 210
210 181
181 220
220 181
181 224
224 181
181 226
226 181
181 235
235 181
181 245
245 181
181 248
248 181
182 209
209 182
182 212
212 182
182 232
232 182
182 239
239 182
182 244
244 182
182 245
245 182
182 252
252 182
183 190
190 183
183 192
192 183
183 195
195 183
183 206
206 183
183 214
214 183
183 222
222 183
183 223
223 183
183 224
224 183
183 229
229 183
183 238
238 183
184 197
197 184
184 199
199 184
184 217
217 184
184 219
219 184
184 221
221 184
184 223
223 184
184 245
245 184
185 200
200 185
185 228
228 185
185 230
230 185
185 242
242 185
185 250
250 185
186 203
203 186
186 207
207 186
186 209
209 186
186 211
211 186
186 215
215 186
186 221
221 186
186 226
226 186
186 241
241 186
186 242
242 186
186 250
250 186
187 198
198 187
187 202
202 187
187 214
214 187
187 219
219 187
187 226
226 187
187 234
234 187
187 238
238 187
187 247
247 187
188 192
192 188
188 219
219 188
188 221
221 188
188 224
224 188
188 234
234 188
188 240
240 188
188 241
241 188
188 253
253 188
189 197
197 189
189 202
202 189
189 220
220 189
189 227
227 189
189 229
229 189
189 231
231 189
189 235
235 189
190 213
213 190
190 218
218 190
190 223
223 190
190 238
238 190
190 239
239 190
190 244
244 190
190 253
253 190
191 213
213 191
191 215
215 191
191 222
222 191
191 228
228 191
191 235
235 191
191 238
238 191
192 196
196 192
192 199
199 192
192 229
229 192
192 250
250 192
192 255
255 192
193 230
230 193
193 239
239 193
193 247
247 193
193 251
251 193
194 210
210 194
194 212
212 194
194 218
218 194
194 228
228 194
194 230
230 194
194 246
246 194
194 249
249 194
194 254
254 194
195 199
199 195
195 202
202 195
195 204
204 195
195 219
219 195
195 221
221 195
195 222
222 195
195 239
239 195
196 223
223 196
196 226
226 196
196 239
239 196
196 242
242 196
196 249
249 196
196 252
252 196
197 208
208 197
197 210
210 197
197 245
245 197
198 201
201 198
198 204
204 198
198 205
205 198
198 207
207 198
198 209
209 198
198 213
213 198
199 204
204 199
199 209
209 199
199 219
219 199
199 251
251 199
199 252
252 199
200 207
207 200
200 209
209 200
200 215
215 200
200 220
220 200
200 232
232 200
201 207
207 201
201 212
212 201
201 214
214 201
201 217
217 201
201 236
236 201
201 243
243 201
202 231
231 202
202 232
232 202
202 238
238 202
203 210
210 203
203 221
221 203
203 228
228 203
203 231
231 203
203 234
234 203
203 236
236 203
203 240
240 203
204 208
208 204
204 217
217 204
204 220
220 204
204 238
238 204
204 241
241 204
205 208
208 205
205 221
221 205
205 244
244 205
205 248
248 205
205 249
249 205
205 255
255 205
206 222
222 206
206 236
236 206
206 241
241 206
206 249
249 206
206 252
252 206
207 222
222 207
207 255
255 207
208 211
211 208
208 238
238 208
208 244
244 208
209 228
228 209
209 237
237 209
209 238
238 209
209 248
248 209
210 218
218 210
210 223
223 210
210 240
240 210
211 213
213 211
211 214
214 211
211 215
215 211
211 219
219 211
211 234
234 211
211 244
244 211
211 253
253 211
212 215
215 212
212 227
227 212
212 237
237 212
212 244
244 212
212 247
247 212
212 250
250 212
213 217
217 213
213 240
240 213
213 245
245 213
214 226
226 214
214 253
253 214
214 255
255 214
215 221
221 215
215 242
242 215
215 243
243 215
215 244
244 215
215 252
252 215
216 234
234 216
216 245
245 216
216 253
253 216
217 234
234 217
217 235
235 217
217 237
237 217
217 251
251 217
217 252
252 217
217 254
254 217
218 221
221 218
218 225
225 218
218 226
226 218
218 230
230 218
218 242
242 218
218 246
246 218
219 235
235 219
219 242
242 219
220 227
227 220
220 228
228 220
220 231
231 220
220 234
234 220
220 237
237 220
220 243
243 220
220 247
247 220
221 222
222 221
221 232
232 221
221 238
238 221
221 245
245 221
221 250
250 221
221 253
253 221
222 242
242 222
222 245
245 222
222 251
251 222
223 243
243 223
223 255
255 223
224 230
230 224
224 241
241 224
225 243
243 225
225 245
245 225
225 246
246 225
226 234
234 226
226 241
241 226
226 243
243 226
226 245
245 226
226 254
254 226
227 229
229 227
227 231
231 227
227 232
232 227
227 249
249 227
228 245
245 228
228 247
247 228
228 251
251 228
228 252
252 228
229 243
243 229
229 245
245 229
230 238
238 230
230 241
241 230
230 254
254 230
230 255
255 230
231 241
241 231
231 254
254 231
232 248
248 232
233 235
235 233
233 239
239 233
233 252
252 233
234 237
237 234
235 242
242 235
235 243
243 235
235 246
246 235
236 246
246 236
236 253
253 236
237 242
242 237
237 243
243 237
237 253
253 237
238 243
243 238
239 241
241 239
239 244
244 239
240 250
250 240
241 250
250 241
241 251
251 241
241 252
252 241
242 243
243 242
243 249
249 243
244 245
245 244
247 253
253 247
248 251
251 248
