512
0 80
80 0
0 82
82 0
0 105
105 0
0 116
116 0
0 125
125 0
0 179
179 0
0 183
183 0
0 287
287 0
0 332
332 0
0 354
354 0
0 466
466 0
0 488
488 0
0 490
490 0
1 57
57 1
1 76
76 1
1 189
189 1
1 283
283 1
1 309
309 1
1 363
363 1
1 431
431 1
1 457
457 1
2 9
9 2
2 11
11 2
2 39
39 2
2 40
40 2
2 48
48 2
2 75
75 2
2 80
80 2
2 117
117 2
2 170
170 2
2 193
193 2
2 207
207 2
2 221
221 2
2 236
236 2
2 361
361 2
2 373
373 2
2 423
423 2
3 141
141 3
3 200
200 3
3 223
223 3
3 228
228 3
3 299
299 3
3 307
307 3
3 328
328 3
4 27
27 4
4 28
28 4
4 44
44 4
4 58
58 4
4 133
133 4
4 136
136 4
4 190
190 4
4 214
214 4
4 218
218 4
4 280
280 4
4 310
310 4
4 345
345 4
4 359
359 4
4 364
364 4
4 365
365 4
4 395
395 4
4 412
412 4
4 430
430 4
4 452
452 4
4 488
488 4
4 493
493 4
5 10
10 5
5 35
35 5
5 56
56 5
5 125
125 5
5 133
133 5
5 138
138 5
5 143
143 5
5 186
186 5
5 197
197 5
5 216
216 5
5 233
233 5
5 292
292 5
5 294
294 5
5 302
302 5
5 387
387 5
5 390
390 5
5 391
391 5
5 464
464 5
5 477
477 5
5 511
511 5
6 7
7 6
6 17
17 6
6 44
44 6
6 62
62 6
6 66
66 6
6 158
158 6
6 180
180 6
6 246
246 6
6 270
270 6
6 275
275 6
6 306
306 6
6 346
346 6
6 382
382 6
6 397
397 6
6 408
408 6
6 444
444 6
7 95
95 7
7 107
107 7
7 177
177 7
7 184
184 7
7 202
202 7
7 204
204 7
7 253
253 7
7 297
297 7
7 349
349 7
7 364
364 7
7 370
370 7
7 390
390 7
7 403
403 7
7 454
454 7
7 456
456 7
7 466
466 7
7 471
471 7
7 505
505 7
8 63
63 8
8 64
64 8
8 81
81 8
8 121
121 8
8 183
183 8
8 203
203 8
8 206
206 8
8 242
242 8
8 243
243 8
8 282
282 8
8 285
285 8
8 287
287 8
8 352
352 8
8 433
433 8
9 16
16 9
9 52
52 9
9 130
130 9
9 145
145 9
9 190
190 9
9 347
347 9
9 353
353 9
9 383
383 9
9 389
389 9
9 426
426 9
9 474
474 9
10 21
21 10
10 39
39 10
10 47
47 10
10 48
48 10
10 89
89 10
10 91
91 10
10 93
93 10
10 106
106 10
10 130
130 10
10 164
164 10
10 245
245 10
10 312
312 10
10 336
336 10
10 354
354 10
10 419
419 10
10 435
435 10
10 437
437 10
10 500
500 10
11 24
24 11
11 26
26 11
11 40
40 11
11 108
108 11
11 121
121 11
11 130
130 11
11 144
144 11
11 156
156 11
11 178
178 11
11 179
179 11
11 180
180 11
11 189
189 11
11 241
241 11
11 243
243 11
11 300
300 11
11 306
306 11
11 349
349 11
11 372
372 11
11 394
394 11
11 397
397 11
11 398
398 11
12 113
113 12
12 215
215 12
12 229
229 12
12 300
300 12
12 318
318 12
12 366
366 12
12 371
371 12
12 442
442 12
12 449
449 12
13 51
51 13
13 72
72 13
13 154
154 13
13 169
169 13
13 239
239 13
13 253
253 13
13 275
275 13
13 279
279 13
13 311
311 13
13 363
363 13
13 408
408 13
13 441
441 13
13 443
443 13
13 449
449 13
14 15
15 14
14 50
50 14
14 57
57 14
14 72
72 14
14 77
77 14
14 223
223 14
14 239
239 14
14 263
263 14
14 280
280 14
14 327
327 14
14 348
348 14
14 352
352 14
14 373
373 14
14 408
408 14
14 414
414 14
14 448
448 14
14 489
489 14
14 505
505 14
15 31
31 15
15 39
39 15
15 129
129 15
15 166
166 15
15 209
209 15
15 210
210 15
15 219
219 15
15 268
268 15
15 304
304 15
15 358
358 15
15 378
378 15
15 388
388 15
15 428
428 15
15 459
459 15
16 21
21 16
16 62
62 16
16 75
75 16
16 79
79 16
16 185
185 16
16 187
187 16
16 189
189 16
16 216
216 16
16 323
323 16
16 329
329 16
16 360
360 16
16 405
405 16
16 423
423 16
16 463
463 16
16 470
470 16
16 507
507 16
16 511
511 16
17 34
34 17
17 48
48 17
17 80
80 17
17 100
100 17
17 150
150 17
17 165
165 17
17 166
166 17
17 178
178 17
17 192
192 17
17 244
244 17
17 252
252 17
17 282
282 17
17 296
296 17
17 354
354 17
17 367
367 17
17 373
373 17
17 416
416 17
17 441
441 17
17 451
451 17
17 454
454 17
17 473
473 17
17 492
492 17
17 511
511 17
18 55
55 18
18 84
84 18
18 150
150 18
18 165
165 18
18 178
178 18
18 190
190 18
18 192
192 18
18 209
209 18
18 233
233 18
18 249
249 18
18 294
294 18
18 304
304 18
18 350
350 18
18 369
369 18
18 386
386 18
18 398
398 18
18 411
411 18
18 453
453 18
18 459
459 18
18 463
463 18
18 478
478 18
18 488
488 18
18 503
503 18
19 30
30 19
19 60
60 19
19 61
61 19
19 127
127 19
19 135
135 19
19 139
139 19
19 142
142 19
19 157
157 19
19 215
215 19
19 239
239 19
19 264
264 19
19 311
311 19
19 367
367 19
19 371
371 19
19 379
379 19
19 380
380 19
19 408
408 19
19 455
455 19
20 38
38 20
20 106
106 20
20 129
129 20
20 153
153 20
20 170
170 20
20 187
187 20
20 189
189 20
20 203
203 20
20 305
305 20
20 344
344 20
20 347
347 20
20 355
355 20
20 370
370 20
20 452
452 20
20 462
462 20
20 463
463 20
21 37
37 21
21 58
58 21
21 88
88 21
21 160
160 21
21 162
162 21
21 170
170 21
21 174
174 21
21 224
224 21
21 323
323 21
21 330
330 21
21 459
459 21
21 478
478 21
22 94
94 22
22 101
101 22
22 132
132 22
22 157
157 22
22 184
184 22
22 215
215 22
22 224
224 22
22 240
240 22
22 241
241 22
22 242
242 22
22 378
378 22
22 402
402 22
22 438
438 22
22 495
495 22
22 506
506 22
23 43
43 23
23 64
64 23
23 77
77 23
23 96
96 23
23 132
132 23
23 179
179 23
23 181
181 23
23 183
183 23
23 224
224 23
23 272
272 23
23 289
289 23
23 305
305 23
23 336
336 23
23 359
359 23
23 448
448 23
23 451
451 23
23 483
483 23
23 499
499 23
23 511
511 23
24 49
49 24
24 57
57 24
24 117
117 24
24 147
147 24
24 161
161 24
24 176
176 24
24 260
260 24
24 304
304 24
24 307
307 24
24 317
317 24
24 329
329 24
24 331
331 24
24 373
373 24
24 397
397 24
24 508
508 24
25 53
53 25
25 67
67 25
25 77
77 25
25 170
170 25
25 174
174 25
25 199
199 25
25 237
237 25
25 334
334 25
25 335
335 25
25 387
387 25
25 397
397 25
25 468
468 25
26 29
29 26
26 30
30 26
26 91
91 26
26 129
129 26
26 143
143 26
26 182
182 26
26 205
205 26
26 207
207 26
26 217
217 26
26 235
235 26
26 255
255 26
26 270
270 26
26 278
278 26
26 279
279 26
26 293
293 26
26 314
314 26
26 331
331 26
26 356
356 26
26 382
382 26
26 387
387 26
26 393
393 26
26 414
414 26
26 439
439 26
26 475
475 26
26 499
499 26
26 505
505 26
27 52
52 27
27 79
79 27
27 84
84 27
27 239
239 27
27 276
276 27
27 364
364 27
27 420
420 27
27 443
443 27
27 489
489 27
28 51
51 28
28 52
52 28
28 137
137 28
28 143
143 28
28 198
198 28
28 200
200 28
28 231
231 28
28 276
276 28
28 294
294 28
28 307
307 28
28 328
328 28
28 376
376 28
28 495
495 28
29 53
53 29
29 105
105 29
29 126
126 29
29 130
130 29
29 245
245 29
29 246
246 29
29 247
247 29
29 271
271 29
29 348
348 29
29 371
371 29
29 443
443 29
29 460
460 29
29 468
468 29
29 490
490 29
29 491
491 29
29 493
493 29
29 502
502 29
30 42
42 30
30 76
76 30
30 108
108 30
30 149
149 30
30 175
175 30
30 229
229 30
30 337
337 30
30 374
374 30
30 451
451 30
30 459
459 30
30 462
462 30
30 487
487 30
31 33
33 31
31 43
43 31
31 47
47 31
31 54
54 31
31 100
100 31
31 163
163 31
31 168
168 31
31 205
205 31
31 232
232 31
31 239
239 31
31 271
271 31
31 278
278 31
31 300
300 31
31 306
306 31
31 327
327 31
31 328
328 31
31 339
339 31
31 364
364 31
31 386
386 31
31 468
468 31
31 493
493 31
31 498
498 31
32 43
43 32
32 151
151 32
32 157
157 32
32 242
242 32
32 270
270 32
32 341
341 32
32 432
432 32
33 84
84 33
33 103
103 33
33 119
119 33
33 138
138 33
33 142
142 33
33 147
147 33
33 177
177 33
33 214
214 33
33 291
291 33
33 295
295 33
33 296
296 33
33 343
343 33
33 344
344 33
33 391
391 33
33 397
397 33
33 457
457 33
33 462
462 33
33 492
492 33
33 503
503 33
34 111
111 34
34 126
126 34
34 167
167 34
34 202
202 34
34 203
203 34
34 237
237 34
34 289
289 34
34 302
302 34
34 303
303 34
34 314
314 34
34 324
324 34
34 354
354 34
34 399
399 34
34 487
487 34
34 488
488 34
35 99
99 35
35 140
140 35
35 142
142 35
35 168
168 35
35 180
180 35
35 218
218 35
35 263
263 35
35 306
306 35
35 349
349 35
35 355
355 35
35 360
360 35
35 409
409 35
35 425
425 35
35 448
448 35
35 459
459 35
36 55
55 36
36 133
133 36
36 150
150 36
36 183
183 36
36 187
187 36
36 194
194 36
36 242
242 36
36 275
275 36
36 282
282 36
36 285
285 36
36 340
340 36
36 389
389 36
36 400
400 36
36 408
408 36
36 418
418 36
36 432
432 36
36 443
443 36
36 469
469 36
37 64
64 37
37 73
73 37
37 102
102 37
37 147
147 37
37 164
164 37
37 184
184 37
37 186
186 37
37 193
193 37
37 298
298 37
37 318
318 37
37 348
348 37
37 352
352 37
37 385
385 37
37 390
390 37
37 414
414 37
37 456
456 37
37 462
462 37
37 491
491 37
37 493
493 37
38 95
95 38
38 211
211 38
38 289
289 38
38 319
319 38
38 329
329 38
38 356
356 38
38 379
379 38
38 402
402 38
38 448
448 38
38 459
459 38
38 474
474 38
38 485
485 38
38 499
499 38
38 508
508 38
39 121
121 39
39 149
149 39
39 154
154 39
39 201
201 39
39 304
304 39
39 358
358 39
39 360
360 39
39 383
383 39
39 450
450 39
39 455
455 39
39 464
464 39
40 74
74 40
40 78
78 40
40 82
82 40
40 85
85 40
40 99
99 40
40 155
155 40
40 208
208 40
40 279
279 40
40 302
302 40
40 311
311 40
40 455
455 40
41 51
51 41
41 61
61 41
41 116
116 41
41 122
122 41
41 168
168 41
41 187
187 41
41 210
210 41
41 240
240 41
41 270
270 41
41 346
346 41
41 392
392 41
41 412
412 41
41 466
466 41
41 482
482 41
42 51
51 42
42 85
85 42
42 96
96 42
42 173
173 42
42 178
178 42
42 204
204 42
42 205
205 42
42 215
215 42
42 222
222 42
42 258
258 42
42 271
271 42
42 302
302 42
42 304
304 42
42 367
367 42
42 372
372 42
42 431
431 42
42 451
451 42
42 505
505 42
43 81
81 43
43 111
111 43
43 191
191 43
43 307
307 43
43 400
400 43
43 442
442 43
44 45
45 44
44 64
64 44
44 69
69 44
44 97
97 44
44 146
146 44
44 176
176 44
44 212
212 44
44 217
217 44
44 274
274 44
44 295
295 44
44 391
391 44
44 400
400 44
44 450
450 44
45 73
73 45
45 89
89 45
45 101
101 45
45 216
216 45
45 255
255 45
45 308
308 45
45 327
327 45
45 348
348 45
45 372
372 45
45 413
413 45
45 498
498 45
46 58
58 46
46 64
64 46
46 66
66 46
46 71
71 46
46 93
93 46
46 96
96 46
46 143
143 46
46 356
356 46
46 384
384 46
46 397
397 46
46 408
408 46
46 426
426 46
46 428
428 46
46 443
443 46
46 451
451 46
46 453
453 46
47 54
54 47
47 61
61 47
47 105
105 47
47 112
112 47
47 158
158 47
47 256
256 47
47 269
269 47
47 299
299 47
47 337
337 47
47 344
344 47
47 462
462 47
47 474
474 47
47 478
478 47
47 490
490 47
48 135
135 48
48 154
154 48
48 173
173 48
48 188
188 48
48 295
295 48
48 301
301 48
48 328
328 48
48 396
396 48
48 406
406 48
49 62
62 49
49 73
73 49
49 90
90 49
49 95
95 49
49 116
116 49
49 139
139 49
49 158
158 49
49 207
207 49
49 209
209 49
49 228
228 49
49 314
314 49
49 351
351 49
49 389
389 49
49 458
458 49
49 467
467 49
50 54
54 50
50 76
76 50
50 136
136 50
50 138
138 50
50 142
142 50
50 164
164 50
50 186
186 50
50 216
216 50
50 224
224 50
50 226
226 50
50 237
237 50
50 268
268 50
50 285
285 50
50 298
298 50
50 315
315 50
50 357
357 50
50 462
462 50
50 465
465 50
50 494
494 50
51 89
89 51
51 135
135 51
51 181
181 51
51 185
185 51
51 223
223 51
51 307
307 51
51 340
340 51
51 356
356 51
51 402
402 51
51 456
456 51
52 110
110 52
52 113
113 52
52 250
250 52
52 298
298 52
52 301
301 52
52 310
310 52
52 329
329 52
52 373
373 52
52 404
404 52
52 409
409 52
52 432
432 52
52 455
455 52
52 489
489 52
52 508
508 52
53 81
81 53
53 132
132 53
53 156
156 53
53 206
206 53
53 272
272 53
53 299
299 53
53 330
330 53
53 429
429 53
53 437
437 53
53 438
438 53
53 463
463 53
53 503
503 53
54 93
93 54
54 118
118 54
54 121
121 54
54 214
214 54
54 278
278 54
54 289
289 54
54 315
315 54
54 325
325 54
54 367
367 54
54 370
370 54
54 403
403 54
54 480
480 54
54 484
484 54
54 495
495 54
54 502
502 54
54 511
511 54
55 146
146 55
55 239
239 55
55 246
246 55
55 297
297 55
55 313
313 55
55 315
315 55
55 452
452 55
55 466
466 55
56 63
63 56
56 165
165 56
56 184
184 56
56 202
202 56
56 241
241 56
56 383
383 56
56 510
510 56
57 77
77 57
57 126
126 57
57 133
133 57
57 198
198 57
57 232
232 57
57 251
251 57
57 272
272 57
57 362
362 57
57 396
396 57
57 413
413 57
57 425
425 57
57 456
456 57
57 492
492 57
57 495
495 57
58 130
130 58
58 169
169 58
58 176
176 58
58 212
212 58
58 256
256 58
58 283
283 58
58 297
297 58
58 347
347 58
58 359
359 58
58 403
403 58
58 407
407 58
58 410
410 58
58 449
449 58
58 507
507 58
59 139
139 59
59 172
172 59
59 192
192 59
59 285
285 59
59 369
369 59
59 379
379 59
59 384
384 59
59 395
395 59
59 414
414 59
59 415
415 59
59 448
448 59
60 75
75 60
60 82
82 60
60 115
115 60
60 128
128 60
60 146
146 60
60 157
157 60
60 176
176 60
60 209
209 60
60 222
222 60
60 278
278 60
60 445
445 60
60 509
509 60
61 71
71 61
61 102
102 61
61 159
159 61
61 180
180 61
61 187
187 61
61 194
194 61
61 204
204 61
61 241
241 61
61 258
258 61
61 323
323 61
61 330
330 61
61 354
354 61
61 358
358 61
61 360
360 61
61 361
361 61
61 363
363 61
61 376
376 61
61 383
383 61
61 425
425 61
61 442
442 61
61 445
445 61
61 484
484 61
62 67
67 62
62 77
77 62
62 84
84 62
62 96
96 62
62 97
97 62
62 139
139 62
62 168
168 62
62 177
177 62
62 211
211 62
62 295
295 62
62 340
340 62
62 357
357 62
62 388
388 62
62 392
392 62
62 410
410 62
62 445
445 62
62 467
467 62
62 472
472 62
63 84
84 63
63 109
109 63
63 151
151 63
63 251
251 63
63 257
257 63
63 268
268 63
63 285
285 63
63 287
287 63
63 297
297 63
63 337
337 63
63 360
360 63
63 410
410 63
63 436
436 63
63 442
442 63
63 451
451 63
63 489
489 63
64 82
82 64
64 102
102 64
64 113
113 64
64 220
220 64
64 236
236 64
64 241
241 64
64 242
242 64
64 298
298 64
64 306
306 64
64 327
327 64
64 361
361 64
64 367
367 64
64 391
391 64
64 398
398 64
64 408
408 64
64 449
449 64
64 456
456 64
64 475
475 64
64 496
496 64
65 143
143 65
65 172
172 65
65 186
186 65
65 271
271 65
65 290
290 65
65 308
308 65
65 314
314 65
65 388
388 65
65 395
395 65
65 407
407 65
65 464
464 65
65 494
494 65
65 496
496 65
65 507
507 65
66 147
147 66
66 158
158 66
66 244
244 66
66 249
249 66
66 329
329 66
66 396
396 66
66 475
475 66
66 482
482 66
66 489
489 66
67 78
78 67
67 88
88 67
67 93
93 67
67 131
131 67
67 147
147 67
67 346
346 67
67 394
394 67
67 438
438 67
67 473
473 67
67 476
476 67
67 506
506 67
68 93
93 68
68 103
103 68
68 116
116 68
68 127
127 68
68 207
207 68
68 230
230 68
68 259
259 68
68 287
287 68
68 369
369 68
68 404
404 68
68 472
472 68
68 489
489 68
69 90
90 69
69 114
114 69
69 159
159 69
69 166
166 69
69 209
209 69
69 211
211 69
69 278
278 69
69 307
307 69
69 312
312 69
69 359
359 69
69 384
384 69
69 481
481 69
69 499
499 69
70 75
75 70
70 76
76 70
70 97
97 70
70 173
173 70
70 251
251 70
70 266
266 70
70 284
284 70
70 378
378 70
70 389
389 70
70 435
435 70
71 91
91 71
71 98
98 71
71 129
129 71
71 153
153 71
71 162
162 71
71 173
173 71
71 185
185 71
71 193
193 71
71 225
225 71
71 228
228 71
71 310
310 71
71 341
341 71
71 347
347 71
71 371
371 71
71 372
372 71
71 382
382 71
71 402
402 71
71 455
455 71
71 460
460 71
71 472
472 71
71 507
507 71
72 145
145 72
72 162
162 72
72 227
227 72
72 248
248 72
72 252
252 72
72 271
271 72
72 406
406 72
72 408
408 72
72 413
413 72
72 417
417 72
72 424
424 72
72 481
481 72
72 503
503 72
73 79
79 73
73 100
100 73
73 110
110 73
73 152
152 73
73 180
180 73
73 270
270 73
73 294
294 73
73 301
301 73
73 317
317 73
73 327
327 73
73 359
359 73
73 392
392 73
73 401
401 73
73 440
440 73
73 447
447 73
73 457
457 73
74 107
107 74
74 111
111 74
74 156
156 74
74 157
157 74
74 213
213 74
74 240
240 74
74 291
291 74
74 348
348 74
74 419
419 74
74 426
426 74
74 478
478 74
74 489
489 74
75 104
104 75
75 108
108 75
75 170
170 75
75 171
171 75
75 176
176 75
75 182
182 75
75 202
202 75
75 233
233 75
75 254
254 75
75 258
258 75
75 368
368 75
75 438
438 75
75 452
452 75
75 491
491 75
76 187
187 76
76 223
223 76
76 237
237 76
76 241
241 76
76 246
246 76
76 268
268 76
76 304
304 76
76 326
326 76
76 342
342 76
76 345
345 76
76 361
361 76
76 406
406 76
76 416
416 76
76 427
427 76
76 441
441 76
76 462
462 76
76 463
463 76
77 97
97 77
77 112
112 77
77 116
116 77
77 146
146 77
77 176
176 77
77 210
210 77
77 266
266 77
77 277
277 77
77 358
358 77
77 385
385 77
77 387
387 77
77 436
436 77
77 475
475 77
77 498
498 77
77 507
507 77
78 104
104 78
78 143
143 78
78 151
151 78
78 201
201 78
78 270
270 78
78 335
335 78
78 363
363 78
78 405
405 78
78 453
453 78
78 494
494 78
78 498
498 78
78 499
499 78
79 153
153 79
79 187
187 79
79 224
224 79
79 250
250 79
79 281
281 79
79 311
311 79
79 323
323 79
79 372
372 79
79 410
410 79
79 419
419 79
79 459
459 79
80 102
102 80
80 158
158 80
80 214
214 80
80 238
238 80
80 377
377 80
80 384
384 80
80 401
401 80
80 441
441 80
80 446
446 80
80 450
450 80
80 487
487 80
81 133
133 81
81 155
155 81
81 161
161 81
81 177
177 81
81 227
227 81
81 249
249 81
81 253
253 81
81 278
278 81
81 338
338 81
81 363
363 81
81 461
461 81
81 510
510 81
82 139
139 82
82 143
143 82
82 151
151 82
82 198
198 82
82 223
223 82
82 331
331 82
82 349
349 82
82 359
359 82
82 391
391 82
82 430
430 82
82 464
464 82
82 471
471 82
82 501
501 82
83 92
92 83
83 99
99 83
83 127
127 83
83 133
133 83
83 167
167 83
83 188
188 83
83 213
213 83
83 226
226 83
83 229
229 83
83 408
408 83
83 432
432 83
83 448
448 83
84 89
89 84
84 91
91 84
84 318
318 84
84 332
332 84
84 337
337 84
84 358
358 84
84 393
393 84
84 396
396 84
84 417
417 84
84 437
437 84
84 441
441 84
84 454
454 84
84 472
472 84
84 493
493 84
85 104
104 85
85 149
149 85
85 197
197 85
85 278
278 85
85 312
312 85
85 327
327 85
85 359
359 85
85 389
389 85
85 432
432 85
85 481
481 85
86 111
111 86
86 195
195 86
86 248
248 86
86 254
254 86
86 283
283 86
86 302
302 86
86 304
304 86
86 309
309 86
86 321
321 86
86 384
384 86
86 428
428 86
86 468
468 86
86 472
472 86
86 489
489 86
86 502
502 86
87 95
95 87
87 99
99 87
87 134
134 87
87 135
135 87
87 174
174 87
87 184
184 87
87 228
228 87
87 247
247 87
87 259
259 87
87 260
260 87
87 261
261 87
87 298
298 87
87 301
301 87
87 335
335 87
87 386
386 87
87 421
421 87
87 443
443 87
87 465
465 87
87 489
489 87
88 102
102 88
88 129
129 88
88 134
134 88
88 156
156 88
88 172
172 88
88 261
261 88
88 269
269 88
88 274
274 88
88 341
341 88
88 378
378 88
88 399
399 88
88 400
400 88
88 443
443 88
88 445
445 88
88 456
456 88
88 460
460 88
89 102
102 89
89 105
105 89
89 112
112 89
89 129
129 89
89 209
209 89
89 249
249 89
89 308
308 89
89 314
314 89
89 350
350 89
89 366
366 89
89 377
377 89
89 455
455 89
89 480
480 89
90 99
99 90
90 156
156 90
90 302
302 90
90 336
336 90
90 346
346 90
90 446
446 90
90 501
501 90
91 98
98 91
91 102
102 91
91 119
119 91
91 142
142 91
91 158
158 91
91 203
203 91
91 268
268 91
91 277
277 91
91 282
282 91
91 288
288 91
91 358
358 91
91 384
384 91
91 435
435 91
91 495
495 91
91 501
501 91
91 504
504 91
92 137
137 92
92 204
204 92
92 211
211 92
92 257
257 92
92 290
290 92
92 293
293 92
92 316
316 92
92 366
366 92
92 375
375 92
92 395
395 92
92 477
477 92
92 481
481 92
92 491
491 92
92 504
504 92
93 109
109 93
93 130
130 93
93 183
183 93
93 187
187 93
93 266
266 93
93 332
332 93
93 387
387 93
93 411
411 93
93 428
428 93
93 453
453 93
93 485
485 93
94 149
149 94
94 223
223 94
94 256
256 94
94 323
323 94
94 351
351 94
94 387
387 94
94 401
401 94
94 486
486 94
94 506
506 94
95 197
197 95
95 201
201 95
95 300
300 95
95 329
329 95
95 375
375 95
95 384
384 95
95 471
471 95
96 108
108 96
96 119
119 96
96 215
215 96
96 227
227 96
96 334
334 96
96 351
351 96
96 357
357 96
96 368
368 96
96 418
418 96
96 445
445 96
96 458
458 96
96 487
487 96
96 506
506 96
97 121
121 97
97 132
132 97
97 133
133 97
97 165
165 97
97 167
167 97
97 181
181 97
97 214
214 97
97 327
327 97
97 334
334 97
97 353
353 97
97 381
381 97
97 389
389 97
97 451
451 97
97 490
490 97
98 100
100 98
98 164
164 98
98 207
207 98
98 212
212 98
98 241
241 98
98 244
244 98
98 316
316 98
98 329
329 98
98 391
391 98
98 412
412 98
98 495
495 98
99 145
145 99
99 246
246 99
99 292
292 99
99 305
305 99
99 345
345 99
99 355
355 99
99 469
469 99
99 476
476 99
99 509
509 99
99 510
510 99
100 102
102 100
100 172
172 100
100 186
186 100
100 211
211 100
100 216
216 100
100 275
275 100
100 298
298 100
100 366
366 100
100 372
372 100
100 411
411 100
100 470
470 100
100 508
508 100
100 510
510 100
100 511
511 100
101 118
118 101
101 155
155 101
101 171
171 101
101 173
173 101
101 214
214 101
101 227
227 101
101 254
254 101
101 337
337 101
101 357
357 101
101 475
475 101
101 476
476 101
102 163
163 102
102 164
164 102
102 298
298 102
102 301
301 102
102 306
306 102
102 309
309 102
102 343
343 102
102 346
346 102
102 355
355 102
102 396
396 102
102 424
424 102
102 478
478 102
102 484
484 102
103 106
106 103
103 245
245 103
103 246
246 103
103 266
266 103
103 267
267 103
103 276
276 103
103 292
292 103
103 297
297 103
103 320
320 103
103 371
371 103
103 399
399 103
103 444
444 103
103 473
473 103
103 483
483 103
103 488
488 103
104 140
140 104
104 157
157 104
104 200
200 104
104 203
203 104
104 228
228 104
104 271
271 104
104 297
297 104
104 336
336 104
104 343
343 104
104 379
379 104
104 385
385 104
104 391
391 104
104 396
396 104
104 413
413 104
104 418
418 104
104 428
428 104
105 124
124 105
105 130
130 105
105 217
217 105
105 224
224 105
105 265
265 105
105 331
331 105
105 345
345 105
105 352
352 105
105 381
381 105
105 395
395 105
106 111
111 106
106 211
211 106
106 225
225 106
106 323
323 106
106 342
342 106
106 373
373 106
106 398
398 106
106 409
409 106
106 433
433 106
106 444
444 106
106 449
449 106
106 455
455 106
106 486
486 106
106 493
493 106
107 116
116 107
107 139
139 107
107 169
169 107
107 193
193 107
107 235
235 107
107 278
278 107
107 280
280 107
107 311
311 107
107 393
393 107
107 428
428 107
107 431
431 107
107 492
492 107
107 498
498 107
108 159
159 108
108 182
182 108
108 211
211 108
108 212
212 108
108 221
221 108
108 270
270 108
108 287
287 108
108 318
318 108
108 339
339 108
108 412
412 108
108 427
427 108
108 431
431 108
108 461
461 108
108 478
478 108
108 499
499 108
109 122
122 109
109 154
154 109
109 174
174 109
109 266
266 109
109 274
274 109
109 295
295 109
109 312
312 109
109 337
337 109
109 398
398 109
109 405
405 109
109 456
456 109
110 115
115 110
110 179
179 110
110 208
208 110
110 306
306 110
110 334
334 110
110 390
390 110
110 427
427 110
110 462
462 110
110 463
463 110
110 474
474 110
111 132
132 111
111 147
147 111
111 153
153 111
111 157
157 111
111 159
159 111
111 241
241 111
111 245
245 111
111 265
265 111
111 305
305 111
111 312
312 111
111 401
401 111
111 417
417 111
111 442
442 111
111 462
462 111
112 169
169 112
112 182
182 112
112 212
212 112
112 250
250 112
112 291
291 112
112 301
301 112
112 324
324 112
112 358
358 112
112 447
447 112
112 477
477 112
113 141
141 113
113 154
154 113
113 186
186 113
113 202
202 113
113 261
261 113
113 276
276 113
113 281
281 113
113 285
285 113
113 315
315 113
113 317
317 113
113 391
391 113
113 432
432 113
113 450
450 113
113 475
475 113
113 497
497 113
114 186
186 114
114 265
265 114
114 274
274 114
114 305
305 114
114 331
331 114
114 334
334 114
114 345
345 114
114 427
427 114
114 475
475 114
114 486
486 114
114 490
490 114
115 126
126 115
115 146
146 115
115 166
166 115
115 217
217 115
115 219
219 115
115 309
309 115
115 313
313 115
115 319
319 115
115 365
365 115
115 387
387 115
115 432
432 115
116 147
147 116
116 183
183 116
116 213
213 116
116 236
236 116
116 239
239 116
116 332
332 116
116 347
347 116
116 348
348 116
116 388
388 116
116 392
392 116
116 426
426 116
116 433
433 116
116 435
435 116
116 459
459 116
116 491
491 116
116 501
501 116
117 143
143 117
117 266
266 117
117 322
322 117
117 332
332 117
117 384
384 117
117 401
401 117
117 420
420 117
117 479
479 117
118 123
123 118
118 127
127 118
118 134
134 118
118 158
158 118
118 177
177 118
118 214
214 118
118 216
216 118
118 388
388 118
119 132
132 119
119 175
175 119
119 185
185 119
119 212
212 119
119 245
245 119
119 346
346 119
119 363
363 119
119 438
438 119
119 460
460 119
119 470
470 119
119 479
479 119
119 496
496 119
119 502
502 119
119 506
506 119
120 160
160 120
120 178
178 120
120 209
209 120
120 292
292 120
120 293
293 120
120 303
303 120
120 369
369 120
120 373
373 120
120 391
391 120
120 396
396 120
120 419
419 120
120 462
462 120
120 483
483 120
120 489
489 120
120 505
505 120
121 161
161 121
121 212
212 121
121 336
336 121
121 404
404 121
121 408
408 121
121 443
443 121
121 463
463 121
121 471
471 121
121 490
490 121
121 500
500 121
122 195
195 122
122 241
241 122
122 253
253 122
122 278
278 122
122 317
317 122
122 363
363 122
122 372
372 122
122 379
379 122
122 388
388 122
122 417
417 122
122 488
488 122
122 510
510 122
123 135
135 123
123 181
181 123
123 192
192 123
123 204
204 123
123 207
207 123
123 210
210 123
123 250
250 123
123 267
267 123
123 428
428 123
123 430
430 123
123 435
435 123
123 450
450 123
123 460
460 123
123 461
461 123
123 511
511 123
124 129
129 124
124 152
152 124
124 154
154 124
124 225
225 124
124 241
241 124
124 338
338 124
124 363
363 124
124 416
416 124
124 432
432 124
124 452
452 124
124 454
454 124
124 481
481 124
124 498
498 124
125 131
131 125
125 151
151 125
125 159
159 125
125 167
167 125
125 243
243 125
125 290
290 125
125 330
330 125
125 348
348 125
125 376
376 125
125 444
444 125
126 186
186 126
126 299
299 126
126 317
317 126
126 430
430 126
126 478
478 126
126 499
499 126
126 501
501 126
126 506
506 126
127 132
132 127
127 184
184 127
127 330
330 127
127 355
355 127
127 366
366 127
127 371
371 127
127 390
390 127
127 398
398 127
127 418
418 127
127 498
498 127
127 504
504 127
128 131
131 128
128 179
179 128
128 222
222 128
128 257
257 128
128 273
273 128
128 305
305 128
128 318
318 128
128 327
327 128
128 334
334 128
128 408
408 128
128 417
417 128
128 429
429 128
128 435
435 128
128 469
469 128
128 490
490 128
128 499
499 128
129 212
212 129
129 265
265 129
129 269
269 129
129 334
334 129
129 347
347 129
129 361
361 129
129 415
415 129
129 460
460 129
129 469
469 129
130 132
132 130
130 155
155 130
130 156
156 130
130 171
171 130
130 174
174 130
130 200
200 130
130 289
289 130
130 363
363 130
130 395
395 130
130 417
417 130
130 445
445 130
130 466
466 130
130 472
472 130
130 482
482 130
130 488
488 130
131 173
173 131
131 175
175 131
131 236
236 131
131 270
270 131
131 311
311 131
131 325
325 131
131 381
381 131
131 397
397 131
131 419
419 131
131 496
496 131
132 205
205 132
132 209
209 132
132 248
248 132
132 294
294 132
132 301
301 132
132 315
315 132
132 344
344 132
132 425
425 132
132 428
428 132
132 452
452 132
132 476
476 132
132 488
488 132
133 191
191 133
133 289
289 133
133 300
300 133
133 354
354 133
133 355
355 133
133 487
487 133
134 238
238 134
134 239
239 134
134 252
252 134
134 253
253 134
134 270
270 134
134 285
285 134
134 313
313 134
134 317
317 134
134 334
334 134
134 379
379 134
134 409
409 134
134 446
446 134
135 167
167 135
135 196
196 135
135 232
232 135
135 236
236 135
135 262
262 135
135 279
279 135
135 283
283 135
135 305
305 135
135 323
323 135
135 330
330 135
135 447
447 135
135 451
451 135
136 181
181 136
136 229
229 136
136 248
248 136
136 255
255 136
136 318
318 136
136 343
343 136
136 410
410 136
136 414
414 136
136 430
430 136
136 438
438 136
136 462
462 136
137 299
299 137
137 373
373 137
137 465
465 137
137 500
500 137
137 503
503 137
138 145
145 138
138 152
152 138
138 162
162 138
138 235
235 138
138 284
284 138
138 288
288 138
138 315
315 138
138 341
341 138
138 393
393 138
138 409
409 138
138 413
413 138
138 427
427 138
138 434
434 138
138 436
436 138
138 472
472 138
139 142
142 139
139 166
166 139
139 236
236 139
139 276
276 139
139 388
388 139
139 405
405 139
139 425
425 139
139 445
445 139
140 157
157 140
140 238
238 140
140 248
248 140
140 337
337 140
140 377
377 140
140 423
423 140
140 424
424 140
140 438
438 140
140 455
455 140
141 146
146 141
141 171
171 141
141 309
309 141
141 334
334 141
141 356
356 141
141 363
363 141
141 484
484 141
141 491
491 141
141 511
511 141
142 241
241 142
142 265
265 142
142 327
327 142
142 445
445 142
142 475
475 142
142 511
511 142
143 192
192 143
143 224
224 143
143 250
250 143
143 282
282 143
143 295
295 143
143 308
308 143
143 309
309 143
143 394
394 143
143 421
421 143
143 476
476 143
144 154
154 144
144 163
163 144
144 165
165 144
144 199
199 144
144 229
229 144
144 288
288 144
144 360
360 144
144 367
367 144
144 476
476 144
144 477
477 144
144 485
485 144
145 173
173 145
145 273
273 145
145 296
296 145
145 317
317 145
145 322
322 145
145 343
343 145
145 359
359 145
145 367
367 145
145 423
423 145
145 435
435 145
145 439
439 145
145 466
466 145
145 480
480 145
146 169
169 146
146 194
194 146
146 214
214 146
146 255
255 146
146 258
258 146
146 304
304 146
146 319
319 146
146 325
325 146
146 357
357 146
146 412
412 146
146 493
493 146
147 171
171 147
147 178
178 147
147 206
206 147
147 259
259 147
147 297
297 147
147 313
313 147
147 319
319 147
147 369
369 147
147 380
380 147
147 427
427 147
147 435
435 147
147 498
498 147
147 505
505 147
147 506
506 147
148 156
156 148
148 174
174 148
148 180
180 148
148 235
235 148
148 300
300 148
148 330
330 148
148 351
351 148
148 352
352 148
148 365
365 148
148 405
405 148
148 413
413 148
148 489
489 148
148 504
504 148
149 152
152 149
149 178
178 149
149 186
186 149
149 196
196 149
149 200
200 149
149 208
208 149
149 212
212 149
149 213
213 149
149 219
219 149
149 311
311 149
149 395
395 149
149 451
451 149
149 488
488 149
149 504
504 149
150 153
153 150
150 217
217 150
150 263
263 150
150 283
283 150
150 300
300 150
150 329
329 150
150 346
346 150
150 366
366 150
150 380
380 150
150 409
409 150
150 421
421 150
151 152
152 151
151 164
164 151
151 178
178 151
151 194
194 151
151 203
203 151
151 280
280 151
151 286
286 151
151 293
293 151
151 315
315 151
151 355
355 151
151 475
475 151
151 503
503 151
151 509
509 151
152 154
154 152
152 160
160 152
152 169
169 152
152 176
176 152
152 239
239 152
152 241
241 152
152 248
248 152
152 280
280 152
152 285
285 152
152 431
431 152
152 501
501 152
153 374
374 153
153 375
375 153
153 480
480 153
154 221
221 154
154 267
267 154
154 300
300 154
154 368
368 154
154 428
428 154
154 455
455 154
154 463
463 154
154 488
488 154
154 501
501 154
155 186
186 155
155 189
189 155
155 194
194 155
155 214
214 155
155 218
218 155
155 293
293 155
155 333
333 155
155 355
355 155
155 362
362 155
155 416
416 155
155 418
418 155
155 422
422 155
155 485
485 155
155 499
499 155
156 162
162 156
156 181
181 156
156 188
188 156
156 202
202 156
156 241
241 156
156 244
244 156
156 264
264 156
156 265
265 156
156 273
273 156
156 334
334 156
156 358
358 156
156 380
380 156
156 394
394 156
156 418
418 156
157 161
161 157
157 183
183 157
157 193
193 157
157 204
204 157
157 208
208 157
157 211
211 157
157 212
212 157
157 239
239 157
157 320
320 157
157 378
378 157
157 422
422 157
157 424
424 157
157 431
431 157
157 450
450 157
157 465
465 157
157 473
473 157
157 486
486 157
157 504
504 157
158 189
189 158
158 286
286 158
158 298
298 158
158 315
315 158
158 416
416 158
158 443
443 158
158 500
500 158
159 210
210 159
159 248
248 159
159 256
256 159
159 311
311 159
159 329
329 159
159 359
359 159
159 372
372 159
159 387
387 159
159 430
430 159
159 463
463 159
159 491
491 159
160 173
173 160
160 179
179 160
160 199
199 160
160 216
216 160
160 225
225 160
160 286
286 160
160 293
293 160
160 340
340 160
160 347
347 160
160 348
348 160
160 411
411 160
160 432
432 160
160 501
501 160
160 507
507 160
161 169
169 161
161 203
203 161
161 220
220 161
161 230
230 161
161 241
241 161
161 247
247 161
161 282
282 161
161 309
309 161
161 321
321 161
161 361
361 161
161 378
378 161
161 391
391 161
161 421
421 161
161 478
478 161
161 479
479 161
162 216
216 162
162 228
228 162
162 229
229 162
162 244
244 162
162 316
316 162
162 341
341 162
162 427
427 162
162 451
451 162
162 494
494 162
162 497
497 162
162 510
510 162
163 194
194 163
163 202
202 163
163 258
258 163
163 333
333 163
163 377
377 163
163 400
400 163
163 468
468 163
164 211
211 164
164 220
220 164
164 251
251 164
164 257
257 164
164 287
287 164
164 328
328 164
164 402
402 164
164 414
414 164
164 445
445 164
164 459
459 164
164 493
493 164
165 214
214 165
165 228
228 165
165 258
258 165
165 277
277 165
165 284
284 165
165 288
288 165
165 304
304 165
165 307
307 165
165 320
320 165
165 372
372 165
165 409
409 165
165 422
422 165
166 230
230 166
166 246
246 166
166 264
264 166
166 275
275 166
166 328
328 166
166 336
336 166
166 349
349 166
166 381
381 166
166 394
394 166
166 399
399 166
166 405
405 166
166 411
411 166
166 419
419 166
166 421
421 166
166 485
485 166
167 182
182 167
167 256
256 167
167 360
360 167
168 181
181 168
168 259
259 168
168 276
276 168
168 292
292 168
168 366
366 168
168 464
464 168
168 467
467 168
168 492
492 168
169 249
249 169
169 274
274 169
169 324
324 169
169 325
325 169
169 350
350 169
169 395
395 169
169 404
404 169
169 416
416 169
169 429
429 169
169 498
498 169
170 189
189 170
170 206
206 170
170 224
224 170
170 292
292 170
170 347
347 170
170 351
351 170
170 362
362 170
170 384
384 170
170 451
451 170
170 483
483 170
171 189
189 171
171 203
203 171
171 287
287 171
171 300
300 171
171 347
347 171
171 363
363 171
171 377
377 171
171 403
403 171
171 411
411 171
171 418
418 171
172 203
203 172
172 229
229 172
172 279
279 172
172 351
351 172
172 357
357 172
172 364
364 172
172 380
380 172
172 498
498 172
172 508
508 172
173 212
212 173
173 251
251 173
173 252
252 173
173 255
255 173
173 271
271 173
173 326
326 173
173 351
351 173
173 375
375 173
173 377
377 173
173 464
464 173
173 476
476 173
174 224
224 174
174 240
240 174
174 270
270 174
174 288
288 174
174 319
319 174
174 338
338 174
174 347
347 174
174 357
357 174
174 378
378 174
174 452
452 174
174 499
499 174
175 241
241 175
175 305
305 175
175 309
309 175
175 320
320 175
175 343
343 175
175 411
411 175
175 415
415 175
175 504
504 175
176 183
183 176
176 202
202 176
176 232
232 176
176 242
242 176
176 256
256 176
176 276
276 176
176 356
356 176
176 425
425 176
176 435
435 176
176 500
500 176
177 209
209 177
177 218
218 177
177 225
225 177
177 281
281 177
177 286
286 177
177 332
332 177
177 373
373 177
177 388
388 177
177 436
436 177
177 493
493 177
177 500
500 177
177 501
501 177
178 231
231 178
178 232
232 178
178 288
288 178
178 350
350 178
178 414
414 178
178 415
415 178
178 451
451 178
178 507
507 178
179 197
197 179
179 200
200 179
179 212
212 179
179 221
221 179
179 249
249 179
179 268
268 179
179 275
275 179
179 300
300 179
179 310
310 179
179 324
324 179
179 373
373 179
179 396
396 179
179 458
458 179
179 462
462 179
179 477
477 179
180 215
215 180
180 232
232 180
180 289
289 180
180 397
397 180
180 418
418 180
180 434
434 180
180 435
435 180
180 440
440 180
180 460
460 180
181 187
187 181
181 190
190 181
181 227
227 181
181 228
228 181
181 248
248 181
181 270
270 181
181 299
299 181
181 356
356 181
181 371
371 181
181 384
384 181
181 428
428 181
181 458
458 181
181 476
476 181
181 499
499 181
182 190
190 182
182 192
192 182
182 260
260 182
182 276
276 182
182 288
288 182
182 306
306 182
182 384
384 182
182 419
419 182
182 431
431 182
182 447
447 182
182 498
498 182
183 202
202 183
183 210
210 183
183 218
218 183
183 258
258 183
183 285
285 183
183 311
311 183
183 341
341 183
183 406
406 183
183 430
430 183
183 468
468 183
183 469
469 183
184 229
229 184
184 250
250 184
184 265
265 184
184 283
283 184
184 340
340 184
184 341
341 184
184 346
346 184
184 370
370 184
184 413
413 184
184 431
431 184
184 441
441 184
184 455
455 184
184 476
476 184
184 491
491 184
184 492
492 184
184 507
507 184
185 206
206 185
185 227
227 185
185 231
231 185
185 245
245 185
185 316
316 185
185 347
347 185
185 370
370 185
185 396
396 185
185 403
403 185
185 456
456 185
185 458
458 185
186 286
286 186
186 290
290 186
186 340
340 186
186 397
397 186
186 438
438 186
186 463
463 186
187 192
192 187
187 211
211 187
187 271
271 187
187 279
279 187
187 314
314 187
187 357
357 187
187 405
405 187
187 425
425 187
187 479
479 187
188 206
206 188
188 219
219 188
188 224
224 188
188 227
227 188
188 277
277 188
188 286
286 188
188 492
492 188
189 194
194 189
189 198
198 189
189 205
205 189
189 215
215 189
189 221
221 189
189 270
270 189
189 275
275 189
189 281
281 189
189 287
287 189
189 333
333 189
189 348
348 189
189 349
349 189
189 445
445 189
189 451
451 189
189 452
452 189
189 461
461 189
189 472
472 189
189 477
477 189
190 234
234 190
190 377
377 190
190 385
385 190
190 394
394 190
190 397
397 190
190 425
425 190
191 211
211 191
191 230
230 191
191 242
242 191
191 282
282 191
191 327
327 191
191 348
348 191
191 369
369 191
191 419
419 191
191 465
465 191
191 497
497 191
192 280
280 192
192 284
284 192
192 292
292 192
192 296
296 192
192 347
347 192
192 368
368 192
192 394
394 192
192 412
412 192
192 434
434 192
192 442
442 192
192 461
461 192
192 473
473 192
192 476
476 192
193 214
214 193
193 217
217 193
193 228
228 193
193 238
238 193
193 259
259 193
193 282
282 193
193 395
395 193
193 469
469 193
193 475
475 193
193 491
491 193
193 509
509 193
194 222
222 194
194 253
253 194
194 261
261 194
194 263
263 194
194 344
344 194
194 365
365 194
194 376
376 194
194 401
401 194
194 412
412 194
194 435
435 194
194 451
451 194
194 500
500 194
195 359
359 195
195 365
365 195
195 496
496 195
195 500
500 195
196 216
216 196
196 246
246 196
196 249
249 196
196 267
267 196
196 290
290 196
196 296
296 196
196 330
330 196
196 422
422 196
196 451
451 196
196 469
469 196
196 480
480 196
197 229
229 197
197 285
285 197
197 289
289 197
197 297
297 197
197 299
299 197
197 321
321 197
197 331
331 197
197 333
333 197
197 359
359 197
197 439
439 197
197 453
453 197
197 466
466 197
197 467
467 197
198 230
230 198
198 231
231 198
198 348
348 198
198 390
390 198
198 404
404 198
198 445
445 198
198 478
478 198
198 482
482 198
199 200
200 199
199 214
214 199
199 238
238 199
199 260
260 199
199 346
346 199
199 400
400 199
199 403
403 199
199 438
438 199
199 466
466 199
200 264
264 200
200 340
340 200
200 361
361 200
200 378
378 200
200 442
442 200
200 495
495 200
200 506
506 200
201 270
270 201
201 272
272 201
201 274
274 201
201 287
287 201
201 315
315 201
201 321
321 201
201 355
355 201
201 397
397 201
201 404
404 201
201 407
407 201
201 420
420 201
201 457
457 201
201 473
473 201
201 507
507 201
202 211
211 202
202 223
223 202
202 235
235 202
202 236
236 202
202 251
251 202
202 258
258 202
202 303
303 202
202 309
309 202
202 335
335 202
202 345
345 202
202 364
364 202
202 385
385 202
202 439
439 202
202 458
458 202
202 459
459 202
202 479
479 202
202 485
485 202
202 487
487 202
203 224
224 203
203 231
231 203
203 287
287 203
203 289
289 203
203 332
332 203
203 355
355 203
203 377
377 203
204 240
240 204
204 295
295 204
204 322
322 204
204 353
353 204
204 390
390 204
204 401
401 204
204 415
415 204
204 472
472 204
205 219
219 205
205 250
250 205
205 290
290 205
205 309
309 205
205 338
338 205
205 426
426 205
205 478
478 205
205 504
504 205
206 216
216 206
206 235
235 206
206 290
290 206
206 310
310 206
206 325
325 206
206 367
367 206
206 368
368 206
206 414
414 206
206 419
419 206
206 437
437 206
206 443
443 206
206 448
448 206
206 450
450 206
206 454
454 206
207 253
253 207
207 262
262 207
207 278
278 207
207 290
290 207
207 385
385 207
207 462
462 207
208 233
233 208
208 259
259 208
208 263
263 208
208 287
287 208
208 289
289 208
208 312
312 208
208 386
386 208
208 399
399 208
208 428
428 208
208 466
466 208
208 473
473 208
208 506
506 208
209 244
244 209
209 306
306 209
209 325
325 209
209 448
448 209
209 478
478 209
209 481
481 209
209 502
502 209
210 231
231 210
210 269
269 210
210 274
274 210
210 308
308 210
210 413
413 210
210 426
426 210
210 441
441 210
210 443
443 210
211 226
226 211
211 238
238 211
211 313
313 211
211 324
324 211
211 339
339 211
211 462
462 211
211 475
475 211
212 215
215 212
212 219
219 212
212 228
228 212
212 242
242 212
212 288
288 212
212 391
391 212
212 414
414 212
212 429
429 212
212 431
431 212
212 508
508 212
213 252
252 213
213 259
259 213
213 286
286 213
213 373
373 213
213 375
375 213
213 388
388 213
213 405
405 213
213 472
472 213
213 507
507 213
214 223
223 214
214 250
250 214
214 263
263 214
214 266
266 214
214 339
339 214
214 343
343 214
214 426
426 214
214 436
436 214
214 460
460 214
214 476
476 214
215 254
254 215
215 255
255 215
215 257
257 215
215 294
294 215
215 345
345 215
215 393
393 215
215 412
412 215
215 492
492 215
215 498
498 215
216 252
252 216
216 282
282 216
216 403
403 216
216 411
411 216
216 412
412 216
216 432
432 216
216 450
450 216
216 469
469 216
216 507
507 216
217 232
232 217
217 241
241 217
217 270
270 217
217 376
376 217
217 392
392 217
217 437
437 217
218 303
303 218
218 315
315 218
218 344
344 218
218 345
345 218
218 376
376 218
218 402
402 218
218 439
439 218
219 314
314 219
219 347
347 219
219 390
390 219
219 417
417 219
219 431
431 219
219 447
447 219
219 466
466 219
220 235
235 220
220 239
239 220
220 267
267 220
220 298
298 220
220 316
316 220
220 347
347 220
220 365
365 220
220 368
368 220
220 392
392 220
220 412
412 220
220 441
441 220
220 458
458 220
220 471
471 220
220 479
479 220
220 485
485 220
220 505
505 220
221 223
223 221
221 238
238 221
221 317
317 221
221 320
320 221
221 352
352 221
221 398
398 221
221 403
403 221
221 477
477 221
221 504
504 221
222 223
223 222
222 283
283 222
222 294
294 222
222 305
305 222
222 319
319 222
222 342
342 222
222 391
391 222
222 450
450 222
222 508
508 222
223 236
236 223
223 252
252 223
223 263
263 223
223 273
273 223
223 286
286 223
223 316
316 223
223 319
319 223
223 325
325 223
223 389
389 223
223 427
427 223
223 448
448 223
223 487
487 223
223 501
501 223
223 509
509 223
224 255
255 224
224 281
281 224
224 304
304 224
224 362
362 224
224 373
373 224
224 397
397 224
224 431
431 224
225 234
234 225
225 260
260 225
225 307
307 225
225 330
330 225
225 351
351 225
225 361
361 225
225 422
422 225
225 433
433 225
225 444
444 225
225 477
477 225
225 482
482 225
225 500
500 225
226 265
265 226
226 286
286 226
226 287
287 226
226 308
308 226
226 313
313 226
226 376
376 226
226 428
428 226
226 434
434 226
226 460
460 226
226 479
479 226
226 508
508 226
227 262
262 227
227 303
303 227
227 339
339 227
227 394
394 227
227 423
423 227
227 443
443 227
227 494
494 227
228 261
261 228
228 282
282 228
228 332
332 228
228 357
357 228
228 428
428 228
228 484
484 228
228 494
494 228
228 499
499 228
228 502
502 228
229 234
234 229
229 311
311 229
229 321
321 229
229 332
332 229
229 358
358 229
229 363
363 229
229 393
393 229
229 453
453 229
229 485
485 229
230 232
232 230
230 267
267 230
230 276
276 230
230 290
290 230
230 347
347 230
230 348
348 230
230 355
355 230
230 384
384 230
230 428
428 230
230 463
463 230
230 505
505 230
231 265
265 231
231 286
286 231
231 296
296 231
231 325
325 231
231 342
342 231
231 415
415 231
231 495
495 231
232 276
276 232
232 287
287 232
232 290
290 232
232 353
353 232
232 359
359 232
232 379
379 232
232 422
422 232
232 439
439 232
232 452
452 232
233 327
327 233
233 385
385 233
233 408
408 233
233 414
414 233
233 424
424 233
233 433
433 233
233 443
443 233
233 467
467 233
233 468
468 233
234 242
242 234
234 293
293 234
234 331
331 234
234 348
348 234
234 411
411 234
234 438
438 234
234 449
449 234
234 489
489 234
235 287
287 235
235 288
288 235
235 306
306 235
235 330
330 235
235 347
347 235
235 364
364 235
235 492
492 235
236 300
300 236
236 305
305 236
236 380
380 236
236 394
394 236
236 447
447 236
236 448
448 236
236 450
450 236
237 246
246 237
237 268
268 237
237 344
344 237
237 381
381 237
237 441
441 237
237 497
497 237
238 307
307 238
238 308
308 238
238 318
318 238
238 339
339 238
238 386
386 238
238 391
391 238
238 465
465 238
238 499
499 238
239 265
265 239
239 306
306 239
239 328
328 239
239 371
371 239
239 385
385 239
239 426
426 239
239 500
500 239
240 255
255 240
240 278
278 240
240 320
320 240
240 349
349 240
240 368
368 240
240 393
393 240
240 408
408 240
240 437
437 240
240 438
438 240
240 473
473 240
240 475
475 240
241 249
249 241
241 258
258 241
241 323
323 241
241 334
334 241
241 354
354 241
241 373
373 241
241 395
395 241
241 507
507 241
242 263
263 242
242 272
272 242
242 325
325 242
242 349
349 242
242 383
383 242
242 390
390 242
242 398
398 242
242 418
418 242
242 451
451 242
242 489
489 242
243 244
244 243
243 408
408 243
243 417
417 243
243 440
440 243
243 470
470 243
243 492
492 243
244 305
305 244
244 329
329 244
244 397
397 244
244 413
413 244
244 418
418 244
244 456
456 244
244 470
470 244
244 490
490 244
244 495
495 244
245 247
247 245
245 260
260 245
245 319
319 245
245 412
412 245
245 427
427 245
245 428
428 245
245 456
456 245
245 490
490 245
246 253
253 246
246 263
263 246
246 268
268 246
246 309
309 246
246 380
380 246
246 386
386 246
246 404
404 246
246 410
410 246
246 434
434 246
246 487
487 246
246 505
505 246
246 507
507 246
247 251
251 247
247 317
317 247
247 321
321 247
247 331
331 247
247 340
340 247
247 361
361 247
247 365
365 247
247 375
375 247
247 386
386 247
247 447
447 247
247 460
460 247
247 483
483 247
247 489
489 247
248 284
284 248
248 330
330 248
248 344
344 248
248 347
347 248
248 357
357 248
248 388
388 248
248 410
410 248
248 471
471 248
248 504
504 248
249 266
266 249
249 285
285 249
249 286
286 249
249 291
291 249
249 348
348 249
249 371
371 249
249 384
384 249
249 458
458 249
249 459
459 249
250 291
291 250
250 305
305 250
250 378
378 250
250 436
436 250
250 441
441 250
250 491
491 250
251 387
387 251
251 419
419 251
251 420
420 251
251 425
425 251
251 435
435 251
251 443
443 251
251 467
467 251
251 503
503 251
252 265
265 252
252 295
295 252
252 343
343 252
252 368
368 252
252 401
401 252
252 415
415 252
252 423
423 252
252 436
436 252
252 437
437 252
252 498
498 252
253 323
323 253
253 356
356 253
253 373
373 253
253 385
385 253
253 406
406 253
253 415
415 253
253 416
416 253
253 429
429 253
253 444
444 253
253 448
448 253
253 458
458 253
253 472
472 253
253 480
480 253
254 255
255 254
254 307
307 254
254 361
361 254
254 438
438 254
254 440
440 254
254 441
441 254
254 443
443 254
254 470
470 254
254 478
478 254
254 483
483 254
254 490
490 254
255 272
272 255
255 301
301 255
255 452
452 255
255 454
454 255
255 499
499 255
256 340
340 256
256 353
353 256
256 401
401 256
256 435
435 256
256 492
492 256
257 271
271 257
257 314
314 257
257 353
353 257
257 377
377 257
257 392
392 257
257 401
401 257
257 474
474 257
257 487
487 257
258 272
272 258
258 311
311 258
258 355
355 258
258 426
426 258
258 471
471 258
258 475
475 258
258 476
476 258
258 506
506 258
259 272
272 259
259 301
301 259
259 307
307 259
259 332
332 259
259 379
379 259
259 391
391 259
259 449
449 259
259 464
464 259
260 271
271 260
260 328
328 260
260 385
385 260
260 443
443 260
261 279
279 261
261 320
320 261
261 326
326 261
261 378
378 261
261 406
406 261
261 451
451 261
261 487
487 261
261 491
491 261
262 322
322 262
262 337
337 262
262 352
352 262
262 365
365 262
262 377
377 262
262 444
444 262
262 488
488 262
263 284
284 263
263 293
293 263
263 303
303 263
263 306
306 263
263 307
307 263
263 326
326 263
263 342
342 263
263 379
379 263
263 418
418 263
263 428
428 263
263 445
445 263
263 457
457 263
264 302
302 264
264 345
345 264
264 360
360 264
264 369
369 264
264 447
447 264
264 459
459 264
264 468
468 264
264 473
473 264
265 278
278 265
265 284
284 265
265 342
342 265
265 349
349 265
265 417
417 265
265 443
443 265
265 448
448 265
265 456
456 265
265 491
491 265
266 282
282 266
266 291
291 266
266 303
303 266
266 309
309 266
266 395
395 266
266 406
406 266
266 407
407 266
266 413
413 266
266 439
439 266
267 290
290 267
267 327
327 267
267 375
375 267
267 377
377 267
267 416
416 267
267 424
424 267
267 425
425 267
267 436
436 267
267 471
471 267
267 474
474 267
267 492
492 267
267 494
494 267
268 300
300 268
268 375
375 268
268 378
378 268
268 433
433 268
268 478
478 268
269 325
325 269
269 403
403 269
269 415
415 269
269 432
432 269
269 457
457 269
269 500
500 269
270 280
280 270
270 291
291 270
270 297
297 270
270 350
350 270
270 360
360 270
270 385
385 270
270 497
497 270
270 507
507 270
271 293
293 271
271 325
325 271
271 332
332 271
271 388
388 271
271 412
412 271
271 454
454 271
271 479
479 271
271 506
506 271
272 289
289 272
272 326
326 272
272 375
375 272
272 422
422 272
273 302
302 273
273 343
343 273
273 379
379 273
273 384
384 273
273 390
390 273
273 401
401 273
273 467
467 273
273 496
496 273
273 507
507 273
273 510
510 273
274 351
351 274
274 401
401 274
274 419
419 274
274 501
501 274
274 506
506 274
275 299
299 275
275 329
329 275
275 368
368 275
275 410
410 275
275 412
412 275
275 424
424 275
275 436
436 275
275 467
467 275
275 485
485 275
276 293
293 276
276 356
356 276
276 406
406 276
277 279
279 277
277 361
361 277
277 379
379 277
277 408
408 277
277 419
419 277
277 428
428 277
277 438
438 277
277 490
490 277
277 511
511 277
278 342
342 278
278 354
354 278
278 366
366 278
278 370
370 278
278 389
389 278
278 420
420 278
278 431
431 278
278 434
434 278
278 498
498 278
278 509
509 278
279 324
324 279
279 374
374 279
279 427
427 279
279 431
431 279
279 456
456 279
279 459
459 279
279 467
467 279
279 484
484 279
279 507
507 279
280 324
324 280
280 355
355 280
280 421
421 280
280 424
424 280
280 430
430 280
281 299
299 281
281 309
309 281
281 311
311 281
281 359
359 281
281 368
368 281
281 385
385 281
281 442
442 281
281 467
467 281
281 469
469 281
282 310
310 282
282 345
345 282
282 353
353 282
282 378
378 282
282 379
379 282
282 386
386 282
282 423
423 282
282 426
426 282
282 443
443 282
282 456
456 282
282 468
468 282
282 481
481 282
282 505
505 282
283 293
293 283
283 379
379 283
283 388
388 283
283 393
393 283
283 400
400 283
283 424
424 283
283 437
437 283
283 454
454 283
283 506
506 283
284 354
354 284
284 373
373 284
284 375
375 284
284 386
386 284
285 324
324 285
285 343
343 285
285 414
414 285
285 418
418 285
286 341
341 286
286 383
383 286
286 470
470 286
286 501
501 286
287 314
314 287
287 315
315 287
287 337
337 287
287 338
338 287
287 347
347 287
287 360
360 287
287 414
414 287
287 418
418 287
287 429
429 287
287 464
464 287
287 491
491 287
287 505
505 287
288 300
300 288
288 307
307 288
288 371
371 288
288 374
374 288
288 482
482 288
288 489
489 288
288 495
495 288
289 293
293 289
289 314
314 289
289 325
325 289
289 361
361 289
289 409
409 289
289 419
419 289
289 462
462 289
290 303
303 290
290 316
316 290
290 321
321 290
290 329
329 290
290 361
361 290
290 368
368 290
290 387
387 290
290 432
432 290
290 453
453 290
290 458
458 290
291 349
349 291
291 361
361 291
291 385
385 291
291 406
406 291
291 422
422 291
291 461
461 291
292 299
299 292
292 418
418 292
292 428
428 292
292 456
456 292
292 481
481 292
292 496
496 292
293 306
306 293
293 325
325 293
293 328
328 293
293 342
342 293
293 350
350 293
293 362
362 293
293 418
418 293
293 436
436 293
293 452
452 293
293 467
467 293
294 299
299 294
294 355
355 294
294 451
451 294
294 473
473 294
295 351
351 295
295 360
360 295
295 461
461 295
295 467
467 295
295 489
489 295
296 307
307 296
296 334
334 296
296 361
361 296
296 388
388 296
296 435
435 296
296 468
468 296
296 501
501 296
297 310
310 297
297 399
399 297
297 401
401 297
297 425
425 297
297 451
451 297
297 491
491 297
298 303
303 298
298 362
362 298
298 410
410 298
298 425
425 298
298 493
493 298
299 330
330 299
299 360
360 299
299 407
407 299
299 426
426 299
299 444
444 299
299 477
477 299
300 332
332 300
300 362
362 300
300 378
378 300
300 396
396 300
300 450
450 300
300 481
481 300
301 346
346 301
301 352
352 301
301 392
392 301
301 412
412 301
301 481
481 301
302 321
321 302
302 384
384 302
302 392
392 302
302 398
398 302
302 418
418 302
302 427
427 302
302 441
441 302
302 448
448 302
302 498
498 302
303 479
479 303
304 314
314 304
304 354
354 304
304 369
369 304
304 402
402 304
305 321
321 305
305 332
332 305
305 402
402 305
306 307
307 306
306 336
336 306
306 374
374 306
306 386
386 306
306 419
419 306
306 431
431 306
306 437
437 306
306 474
474 306
306 482
482 306
306 506
506 306
307 338
338 307
307 373
373 307
307 401
401 307
307 503
503 307
307 508
508 307
308 309
309 308
308 311
311 308
308 315
315 308
308 346
346 308
308 374
374 308
308 382
382 308
308 455
455 308
308 476
476 308
309 324
324 309
309 367
367 309
309 465
465 309
310 329
329 310
310 423
423 310
310 504
504 310
311 331
331 311
311 338
338 311
311 414
414 311
311 458
458 311
311 494
494 311
312 318
318 312
312 350
350 312
312 380
380 312
312 401
401 312
312 408
408 312
312 440
440 312
312 452
452 312
313 338
338 313
313 414
414 313
313 450
450 313
314 320
320 314
314 334
334 314
314 352
352 314
314 415
415 314
314 495
495 314
314 510
510 314
315 322
322 315
315 337
337 315
315 349
349 315
315 355
355 315
315 397
397 315
315 423
423 315
315 445
445 315
315 476
476 315
316 404
404 316
316 449
449 316
317 339
339 317
317 414
414 317
318 325
325 318
318 335
335 318
318 365
365 318
318 405
405 318
318 436
436 318
318 487
487 318
319 385
385 319
319 387
387 319
319 492
492 319
320 336
336 320
320 339
339 320
320 348
348 320
320 391
391 320
320 431
431 320
320 445
445 320
321 329
329 321
321 370
370 321
321 383
383 321
321 407
407 321
321 416
416 321
321 460
460 321
321 462
462 321
321 505
505 321
322 342
342 322
322 374
374 322
322 377
377 322
322 385
385 322
322 387
387 322
322 417
417 322
322 430
430 322
322 503
503 322
323 324
324 323
323 335
335 323
323 353
353 323
323 362
362 323
323 374
374 323
323 444
444 323
323 448
448 323
324 353
353 324
324 362
362 324
324 492
492 324
325 332
332 325
325 345
345 325
325 347
347 325
325 372
372 325
325 455
455 325
325 463
463 325
325 489
489 325
325 502
502 325
326 360
360 326
326 401
401 326
326 429
429 326
327 337
337 327
327 351
351 327
327 355
355 327
327 441
441 327
327 496
496 327
328 359
359 328
328 362
362 328
328 380
380 328
328 387
387 328
329 343
343 329
329 425
425 329
329 490
490 329
330 407
407 330
330 421
421 330
330 434
434 330
330 448
448 330
330 497
497 330
331 353
353 331
331 361
361 331
331 374
374 331
331 410
410 331
331 455
455 331
331 467
467 331
331 499
499 331
332 352
352 332
332 375
375 332
332 434
434 332
332 469
469 332
332 499
499 332
333 344
344 333
333 345
345 333
333 346
346 333
333 377
377 333
333 395
395 333
333 449
449 333
333 452
452 333
334 355
355 334
334 381
381 334
334 400
400 334
334 487
487 334
335 348
348 335
335 349
349 335
335 373
373 335
335 380
380 335
335 391
391 335
335 434
434 335
336 379
379 336
336 401
401 336
336 412
412 336
336 423
423 336
336 436
436 336
336 437
437 336
336 446
446 336
336 473
473 336
336 485
485 336
336 504
504 336
337 390
390 337
337 411
411 337
337 499
499 337
337 509
509 337
338 356
356 338
338 447
447 338
338 460
460 338
338 475
475 338
339 355
355 339
339 414
414 339
339 454
454 339
339 508
508 339
340 343
343 340
340 345
345 340
340 346
346 340
340 347
347 340
340 355
355 340
340 383
383 340
341 436
436 341
342 353
353 342
342 388
388 342
342 420
420 342
343 348
348 343
343 366
366 343
343 373
373 343
343 375
375 343
343 381
381 343
343 382
382 343
343 401
401 343
343 408
408 343
343 481
481 343
344 382
382 344
344 419
419 344
344 426
426 344
344 434
434 344
344 436
436 344
344 490
490 344
345 350
350 345
345 441
441 345
345 481
481 345
345 488
488 345
345 490
490 345
346 408
408 346
346 427
427 346
346 438
438 346
346 468
468 346
346 473
473 346
346 481
481 346
346 506
506 346
347 353
353 347
347 375
375 347
347 385
385 347
347 446
446 347
347 455
455 347
347 500
500 347
348 376
376 348
348 413
413 348
348 443
443 348
348 497
497 348
349 391
391 349
349 397
397 349
349 409
409 349
349 429
429 349
349 443
443 349
349 451
451 349
349 457
457 349
349 458
458 349
350 358
358 350
350 396
396 350
350 429
429 350
350 449
449 350
350 484
484 350
351 356
356 351
351 360
360 351
351 400
400 351
351 404
404 351
351 468
468 351
352 372
372 352
352 409
409 352
352 425
425 352
353 373
373 353
353 442
442 353
353 469
469 353
353 481
481 353
353 499
499 353
354 364
364 354
354 415
415 354
354 498
498 354
355 369
369 355
355 405
405 355
355 408
408 355
355 445
445 355
355 450
450 355
355 463
463 355
355 484
484 355
355 508
508 355
356 410
410 356
356 439
439 356
356 462
462 356
357 406
406 357
357 422
422 357
357 510
510 357
358 371
371 358
358 410
410 358
358 418
418 358
358 441
441 358
358 447
447 358
359 360
360 359
359 361
361 359
359 439
439 359
359 475
475 359
359 479
479 359
359 489
489 359
359 501
501 359
359 503
503 359
360 386
386 360
360 445
445 360
360 479
479 360
360 486
486 360
361 374
374 361
361 399
399 361
361 417
417 361
361 425
425 361
361 434
434 361
361 443
443 361
361 449
449 361
361 458
458 361
361 459
459 361
361 478
478 361
361 488
488 361
361 494
494 361
361 508
508 361
362 387
387 362
362 402
402 362
362 472
472 362
362 482
482 362
362 497
497 362
363 375
375 363
363 415
415 363
363 434
434 363
363 449
449 363
363 462
462 363
365 471
471 365
365 496
496 365
365 510
510 365
365 511
511 365
366 379
379 366
366 381
381 366
366 434
434 366
366 445
445 366
366 454
454 366
366 504
504 366
367 393
393 367
367 402
402 367
368 369
369 368
368 393
393 368
368 405
405 368
368 413
413 368
368 439
439 368
368 444
444 368
369 444
444 369
370 418
418 370
370 477
477 370
370 484
484 370
370 496
496 370
371 399
399 371
371 405
405 371
371 420
420 371
371 451
451 371
371 472
472 371
371 494
494 371
371 500
500 371
372 396
396 372
372 442
442 372
372 482
482 372
372 489
489 372
373 434
434 373
373 470
470 373
373 502
502 373
374 398
398 374
374 405
405 374
374 432
432 374
374 435
435 374
374 455
455 374
375 420
420 375
375 444
444 375
375 450
450 375
375 457
457 375
375 475
475 375
375 480
480 375
376 390
390 376
376 457
457 376
376 463
463 376
376 466
466 376
376 483
483 376
376 496
496 376
377 405
405 377
377 452
452 377
378 401
401 378
378 451
451 378
378 501
501 378
379 407
407 379
379 414
414 379
379 429
429 379
379 496
496 379
380 409
409 380
380 469
469 380
380 483
483 380
381 476
476 381
381 495
495 381
382 424
424 382
382 443
443 382
382 485
485 382
383 385
385 383
383 435
435 383
383 485
485 383
384 393
393 384
384 412
412 384
384 418
418 384
384 421
421 384
384 432
432 384
384 443
443 384
384 460
460 384
384 489
489 384
385 429
429 385
386 409
409 386
386 449
449 386
386 502
502 386
386 505
505 386
387 406
406 387
387 419
419 387
387 420
420 387
387 446
446 387
387 462
462 387
387 502
502 387
388 397
397 388
388 433
433 388
388 446
446 388
388 466
466 388
388 480
480 388
388 509
509 388
389 407
407 389
389 433
433 389
389 470
470 389
389 501
501 389
391 406
406 391
391 429
429 391
391 454
454 391
391 489
489 391
391 494
494 391
392 442
442 392
393 423
423 393
394 403
403 394
394 406
406 394
394 408
408 394
394 434
434 394
394 486
486 394
394 494
494 394
394 497
497 394
394 506
506 394
395 409
409 395
395 431
431 395
395 445
445 395
395 506
506 395
396 400
400 396
396 433
433 396
396 439
439 396
396 452
452 396
396 458
458 396
396 502
502 396
397 437
437 397
398 417
417 398
398 421
421 398
398 465
465 398
398 489
489 398
399 412
412 399
399 417
417 399
399 426
426 399
399 478
478 399
399 486
486 399
400 420
420 400
400 472
472 400
400 494
494 400
401 418
418 401
401 424
424 401
401 452
452 401
401 472
472 401
401 477
477 401
401 497
497 401
402 469
469 402
402 484
484 402
403 433
433 403
403 466
466 403
403 472
472 403
403 484
484 403
404 506
506 404
405 417
417 405
405 418
418 405
405 425
425 405
405 507
507 405
406 499
499 406
407 421
421 407
407 440
440 407
407 442
442 407
407 448
448 407
407 450
450 407
408 422
422 408
409 472
472 409
410 495
495 410
411 440
440 411
412 452
452 412
412 487
487 412
412 494
494 412
412 506
506 412
412 511
511 412
413 491
491 413
413 499
499 413
414 419
419 414
414 469
469 414
414 473
473 414
414 510
510 414
415 489
489 415
415 500
500 415
415 508
508 415
416 429
429 416
417 470
470 417
417 497
497 417
418 429
429 418
418 452
452 418
418 457
457 418
418 463
463 418
418 488
488 418
418 501
501 418
418 503
503 418
418 511
511 418
419 426
426 419
419 497
497 419
420 442
442 420
420 477
477 420
420 498
498 420
420 508
508 420
421 474
474 421
422 438
438 422
422 459
459 422
422 486
486 422
422 488
488 422
423 434
434 423
423 444
444 423
423 459
459 423
423 482
482 423
423 494
494 423
424 459
459 424
425 468
468 425
427 437
437 427
427 460
460 427
427 474
474 427
428 461
461 428
428 472
472 428
429 480
480 429
429 506
506 429
430 496
496 430
431 443
443 431
431 457
457 431
432 448
448 432
432 454
454 432
433 449
449 433
433 451
451 433
433 463
463 433
433 486
486 433
433 511
511 433
434 497
497 434
436 454
454 436
436 477
477 436
437 444
444 437
437 448
448 437
438 458
458 438
439 500
500 439
440 453
453 440
442 450
450 442
442 503
503 442
442 510
510 442
444 447
447 444
444 462
462 444
444 468
468 444
444 505
505 444
444 508
508 444
445 448
448 445
445 494
494 445
445 496
496 445
446 452
452 446
447 483
483 447
448 466
466 448
448 470
470 448
448 494
494 448
448 498
498 448
449 455
455 449
449 479
479 449
449 499
499 449
449 500
500 449
451 469
469 451
451 496
496 451
452 455
455 452
452 467
467 452
453 491
491 453
453 510
510 453
454 462
462 454
454 481
481 454
455 472
472 455
455 477
477 455
457 458
458 457
457 492
492 457
458 485
485 458
458 503
503 458
459 487
487 459
459 506
506 459
460 475
475 460
460 503
503 460
460 507
507 460
462 464
464 462
462 504
504 462
462 508
508 462
463 509
509 463
464 495
495 464
466 489
489 466
466 499
499 466
467 504
504 467
468 488
488 468
469 471
471 469
469 499
499 469
470 500
500 470
472 478
478 472
472 486
486 472
472 494
494 472
474 498
498 474
474 499
499 474
474 507
507 474
477 487
487 477
478 479
479 478
478 510
510 478
479 487
487 479
480 484
484 480
480 490
490 480
480 510
510 480
484 488
488 484
484 503
503 484
485 504
504 485
486 491
491 486
486 500
500 486
486 509
509 486
489 497
497 489
490 508
508 490
490 510
510 490
495 510
510 495
496 497
497 496
496 505
505 496
498 511
511 498
499 502
502 499
501 509
509 501
